results/design/2d/grids/WWD_10m_500yr_2Hr_012_Haz.asc
ncols 214
nrows 366
xllcorner 208787.472
yllcorner 7383120
cellsize 10
nodata_value -9999.99
[rows 252 to 279 of 366, columns 63 to 125 of 214]
2.141535 3.073061 3.249714 3.344828 3.344828 3.344828 3.259971 2.404137 1.02102 0.6788696 0.6425136 0.9271573 0.9046766 0.90517 1.008613 0.5469423 0.6356582 0.8180744 0.4871398 0.4503182 0.5334389 0.7342005 1.014297 1.428993 1.290415 0.9857565 0.65435 0.2686576 0.03668355 -9999.99 0.07285451 0.05410231 0.02114387 -9999.99 -9999.99 -9999.99 -9999.99 -9999.99 0.2722103 0.1097781 0.1117301 0.1962176 0.3096015 0.2742048 0.208219 0.1349201 0.1375493 0.07863717 -9999.99 0.5079365 0.5052815 0.4235228 0.8267214 0.9443957 0.9342968 0.7860528 0.9005933 1.525563 1.947649 2.621166 3.178135 3.245387 3.313942
2.502082 3.136236 3.248445 3.344828 3.344828 3.344828 3.181379 2.200724 0.9680752 0.6015075 0.8753126 1.11716 1.091171 0.895007 0.8165381 0.4849271 0.4851499 0.3713548 0.2854764 0.2249092 0.2139474 0.4864461 1.019194 1.386699 1.579934 1.232686 0.8846643 0.5347574 0.2484818 0.2017056 0.2862393 0.1983759 0.08941673 -9999.99 -9999.99 0.0737381 -9999.99 -9999.99 0.3310024 0.06086727 0.05957432 0.1371032 0.1701083 0.2166411 0.1725135 0.1936093 0.2293852 0.3593151 0.5244277 0.8321614 1.348398 1.892591 2.116805 2.232674 2.212165 2.318309 2.059567 2.933656 3.287975 3.340924 3.344828 3.344828 3.344828
2.257562 3.109195 3.237875 3.344828 3.344828 3.344828 3.075117 1.634583 0.6496606 0.634008 0.9712392 1.308065 1.079259 1.01425 0.6611677 0.5030383 0.3741232 0.1851813 0.1512101 0.1547425 0.2044999 0.540405 1.110494 1.453398 1.638401 1.46972 1.119161 0.9120555 0.6244849 0.598139 0.6520662 0.3994384 0.1739862 -9999.99 0.1681375 0.1877161 -9999.99 0.3295324 0.5209214 0.2380103 0.06674398 -9999.99 0.09191123 0.1587296 0.1351438 0.1669637 0.3379324 1.058106 2.044313 2.221334 2.883969 3.213685 3.227314 3.233095 3.269161 3.31908 3.344828 3.344828 3.344828 3.344828 3.344828 3.344828 3.344828
1.714856 2.811519 3.231721 3.344828 3.344828 3.344828 3.092729 1.727817 0.7592797 0.8300369 1.02852 1.869946 1.217672 1.215326 0.2724604 0.2122923 0.1621023 0.2597299 0.2821389 0.2444329 0.321077 0.462204 0.9521929 1.291583 1.559691 1.573153 1.30543 1.161474 1.022999 1.005385 1.00878 0.7118568 0.4725616 0.2986819 0.428881 0.3630672 0.2402393 0.7965606 0.8671114 0.4964512 0.2968218 0.2346901 0.1689887 0.5359835 0.6361316 0.5040112 1.878026 2.570455 3.270426 3.27489 3.33871 3.344828 3.344828 3.344828 3.344828 3.344828 3.344828 3.344828 3.344828 3.344828 3.313041 3.311864 3.253112
1.491568 2.661134 3.205533 3.344828 3.344828 3.324721 3.156505 2.455092 1.369078 1.125702 1.594013 2.216938 1.258786 1.094412 0.1329239 0.2220136 0.4390692 0.6606164 0.3182068 0.1555034 0.2241088 0.3414688 0.7101289 1.129486 1.499303 1.762987 1.519267 1.357904 1.32859 1.312208 1.141853 0.9261613 0.8996518 0.6596321 0.6900042 0.9218516 1.071386 1.309901 1.159794 0.8759631 0.8167278 0.8567281 1.140934 1.490127 2.356793 2.694788 3.344828 3.344828 3.344828 3.344828 3.344828 3.344828 3.344828 3.344828 3.331993 3.344828 3.344828 3.344828 3.274103 3.184262 2.861933 3.148991 2.892974
1.185603 2.342163 3.190521 3.344828 3.344828 3.312397 3.131578 2.411406 1.524817 1.320764 1.349628 1.405951 1.397032 0.9138983 0.3967834 0.3727411 0.5256628 0.6842896 0.2977789 0.3398168 0.6694819 0.868704 1.005201 1.041667 1.392027 1.769052 1.678689 1.607057 1.613341 1.574033 1.360913 1.231145 1.320193 1.080531 1.262394 1.445096 1.620418 1.478542 1.400799 1.662551 1.86713 2.131846 2.516594 3.061547 3.342314 3.344828 3.344828 3.344828 3.344828 3.293738 3.258767 3.229651 3.242725 3.288048 3.29134 3.293268 3.246588 3.206139 2.907333 2.476541 1.801841 1.864428 2.912043
1.037765 2.193292 3.140907 3.344828 3.344828 3.337052 3.025376 2.013688 1.561295 1.458036 1.469318 1.580053 1.494506 0.8026801 0.568828 0.2839428 0.2693356 0.3196808 0.2881278 0.3984194 0.8519074 1.254123 1.048645 1.035961 1.396324 1.665663 1.631279 1.666899 1.689357 1.682293 1.612835 1.54505 1.546663 1.614617 1.783544 2.166513 1.812427 1.90693 1.931799 2.423442 2.871393 3.269048 3.344828 3.344828 3.344828 3.344828 3.344828 3.332477 3.24355 3.115142 3.126636 3.172252 3.193524 3.249375 3.243579 3.190404 2.995283 2.380062 1.984037 1.425675 0.6947501 0.9077289 1.807082
0.8963162 2.089787 3.125901 3.344828 3.344828 3.344828 3.211488 2.350257 1.679154 1.575645 1.65783 1.719438 1.497709 0.7494048 0.5147132 0.362056 0.2711588 0.2614099 0.2657005 0.3037372 0.6360745 0.7879861 0.711982 0.6895104 1.29321 1.542054 1.502628 1.648942 1.669003 1.676088 1.693673 1.679545 1.654153 1.936446 2.568453 2.667701 2.174414 2.744044 2.802928 3.006833 3.326247 3.344828 3.344828 3.344828 3.344828 3.344828 3.307011 3.278834 3.212393 3.110915 3.1754 3.232911 3.249044 3.198109 3.14629 3.015255 1.726099 0.9793321 0.7601865 0.5041977 0.2710238 0.6048331 1.175776
1.082938 2.075442 3.118205 3.344828 3.344828 3.344828 3.267903 2.764802 2.000284 1.754547 1.804808 1.847026 1.561739 1.026858 0.561901 0.3615654 0.3537391 0.3122022 0.3430562 0.4054518 0.5413622 0.5968053 0.6195087 0.617471 0.9857822 0.8262586 1.088345 1.411475 1.686855 1.700343 1.718259 1.676874 1.648975 1.993457 3.015956 3.081489 2.845905 3.134126 3.287026 3.344828 3.344828 3.344828 3.344828 3.344828 3.344828 3.341833 3.298012 3.262788 3.235514 3.224586 3.204954 3.184969 3.164438 2.648306 2.340624 1.519095 -9999.99 -9999.99 -9999.99 -9999.99 -9999.99 -9999.99 -9999.99
1.281143 2.06319 3.104538 3.33855 3.344828 3.344828 3.285412 2.882515 2.358405 1.963376 1.877323 1.910369 1.644108 1.016958 0.6168087 0.2879396 0.4263709 0.3364997 0.4234512 0.5114348 0.4741563 0.4555888 0.5813247 0.7604033 0.6705509 0.3201224 0.742709 0.9266963 1.577073 1.757823 1.785318 1.850037 2.074988 2.33331 3.162906 3.26406 3.130951 3.302598 3.344828 3.344828 3.344828 3.344828 3.344828 3.329257 3.291839 3.250964 3.185606 3.154473 3.114462 2.901008 2.683617 2.414711 1.323372 -9999.99 -9999.99 -9999.99 -9999.99 -9999.99 -9999.99 -9999.99 -9999.99 -9999.99 -9999.99
1.498246 2.085198 2.866472 3.327055 3.344828 3.344828 3.308974 3.106848 2.754831 2.274402 2.160175 1.997994 1.809031 1.039891 0.523756 0.3906928 0.3879474 0.3465705 0.2853401 0.5745052 0.600419 0.5668963 0.483554 0.6620285 0.6042713 0.4782181 0.7575262 0.9435 1.58625 1.890499 2.080731 2.257093 2.609733 2.953299 3.183973 3.344828 3.294315 3.344828 3.344828 3.344828 3.344828 3.344828 3.270867 3.184957 2.935824 2.210721 1.897411 1.540995 1.414062 1.220592 0.9893343 -9999.99 -9999.99 -9999.99 -9999.99 -9999.99 -9999.99 -9999.99 -9999.99 -9999.99 -9999.99 -9999.99 -9999.99
1.517735 1.867016 2.458554 3.286191 3.344828 3.344828 3.336034 3.207966 2.941564 2.647336 2.500952 2.267394 2.084007 1.346523 0.6577899 0.406047 0.2714833 0.2952642 0.2178683 0.4657154 0.5999382 0.7484509 0.5211494 0.6338415 0.6804699 0.5674634 1.03233 1.407475 1.906407 2.31284 2.605654 2.835175 2.971173 3.094737 3.295073 3.344828 3.344828 3.344828 3.344828 3.344828 3.341635 3.216652 3.033618 1.868232 1.199437 0.517527 -9999.99 -9999.99 -9999.99 -9999.99 -9999.99 -9999.99 -9999.99 -9999.99 -9999.99 -9999.99 -9999.99 -9999.99 -9999.99 -9999.99 -9999.99 -9999.99 -9999.99
1.321754 1.7224 2.199008 3.172168 3.344828 3.344828 3.344828 3.291277 3.126352 2.927251 2.824081 2.678099 2.318344 1.610003 0.8927342 0.5046262 0.3306492 0.3685315 0.3889384 0.570295 0.5906096 0.7678007 0.7140211 0.7614579 0.7794355 0.7367787 1.320633 1.978994 2.490105 2.760669 2.987067 3.059101 3.113678 3.177086 3.344828 3.344828 3.344828 3.344828 3.328849 3.267889 3.154807 2.555798 1.052694 0.3160039 -9999.99 -9999.99 -9999.99 -9999.99 -9999.99 -9999.99 -9999.99 -9999.99 -9999.99 -9999.99 -9999.99 -9999.99 -9999.99 -9999.99 -9999.99 -9999.99 -9999.99 -9999.99 -9999.99
1.014127 1.561121 1.706356 2.424183 3.344828 3.344828 3.344828 3.332279 3.217725 3.091882 2.99163 2.935616 2.614565 1.881829 1.047226 0.5291951 0.4351074 0.4535742 0.500102 0.5863848 0.6937438 0.7579892 0.8604477 0.8496109 0.8134146 0.9866521 1.760102 2.700826 2.708583 2.920692 3.045301 3.153423 3.253546 3.325598 3.344828 3.344828 3.282265 3.269667 3.134028 2.377331 1.581457 0.5782515 -9999.99 -9999.99 -9999.99 -9999.99 -9999.99 -9999.99 -9999.99 -9999.99 -9999.99 -9999.99 -9999.99 -9999.99 -9999.99 -9999.99 -9999.99 -9999.99 -9999.99 -9999.99 -9999.99 -9999.99 -9999.99
0.4207032 0.8359974 0.6282067 0.9923131 3.278457 3.344828 3.344828 3.344828 3.298611 3.191787 3.097125 3.053363 2.945399 2.372786 1.452432 1.009352 0.8995216 0.6864232 0.6649821 0.7664798 0.7893408 0.8112093 0.8173798 0.8623227 0.8383779 1.093033 2.187735 2.922272 2.774182 2.97463 3.144089 3.292838 3.344828 3.344828 3.344828 3.284027 3.159286 3.078889 1.992175 0.8732046 0.1505234 -9999.99 -9999.99 -9999.99 -9999.99 -9999.99 -9999.99 -9999.99 -9999.99 -9999.99 -9999.99 -9999.99 -9999.99 -9999.99 -9999.99 -9999.99 -9999.99 -9999.99 -9999.99 -9999.99 -9999.99 -9999.99 -9999.99
-9999.99 0.04246577 0.1272968 0.8073487 2.396934 3.344828 3.344828 3.344828 3.344828 3.285213 3.192886 3.132819 3.089289 2.996548 2.150383 1.534798 1.50562 0.9534697 0.5682869 0.8684514 0.9200571 0.8840225 0.7916981 0.7665608 0.7885785 1.132106 2.277654 2.961916 2.845464 3.035018 3.300396 3.344828 3.344828 3.344828 3.24668 3.256079 3.015179 2.596977 1.024273 0.2293193 -9999.99 -9999.99 -9999.99 -9999.99 -9999.99 -9999.99 -9999.99 -9999.99 -9999.99 -9999.99 -9999.99 -9999.99 -9999.99 -9999.99 -9999.99 -9999.99 -9999.99 -9999.99 -9999.99 -9999.99 -9999.99 -9999.99 -9999.99
-9999.99 -9999.99 -9999.99 -9999.99 0.8377858 3.296818 3.344828 3.344828 3.344828 3.344828 3.298535 3.230012 3.185573 3.131617 2.969175 2.219486 1.41186 0.5631722 0.5534306 0.912028 0.9508758 0.8899763 0.9058313 0.8359811 0.9143184 1.400663 2.693177 2.990084 2.992636 3.257153 3.344828 3.344828 3.344828 3.111464 3.071656 3.159596 2.850398 2.213869 0.665404 -9999.99 -9999.99 -9999.99 -9999.99 -9999.99 -9999.99 -9999.99 -9999.99 -9999.99 -9999.99 -9999.99 -9999.99 -9999.99 -9999.99 -9999.99 -9999.99 -9999.99 -9999.99 -9999.99 -9999.99 -9999.99 -9999.99 -9999.99 -9999.99
-9999.99 -9999.99 -9999.99 -9999.99 0.7817773 2.690107 3.344828 3.344828 3.344828 3.344828 3.344828 3.322675 3.290367 3.25177 3.198718 3.069634 2.188413 1.136472 0.8533632 1.155919 0.9121299 0.8253184 0.8474092 0.9079664 1.211437 2.008499 2.949057 2.906713 3.061716 3.336608 3.344828 3.344828 3.208591 2.963419 3.135659 3.220231 2.824546 1.930201 0.6507937 -9999.99 -9999.99 -9999.99 -9999.99 -9999.99 -9999.99 -9999.99 -9999.99 -9999.99 -9999.99 -9999.99 -9999.99 -9999.99 -9999.99 -9999.99 -9999.99 -9999.99 -9999.99 -9999.99 -9999.99 -9999.99 -9999.99 -9999.99 -9999.99
-9999.99 -9999.99 -9999.99 -9999.99 -9999.99 1.150662 2.657325 3.344828 3.344828 3.344828 3.344828 3.344828 3.344828 3.33446 3.303622 3.292198 3.148104 2.378783 1.207362 0.8384107 0.7837865 0.8164753 0.8312161 1.005224 1.559253 2.467781 2.879244 2.921902 3.243445 3.344828 3.344828 3.258404 3.092803 3.020338 3.101949 3.26467 2.840355 1.704471 -9999.99 -9999.99 -9999.99 -9999.99 -9999.99 -9999.99 -9999.99 -9999.99 -9999.99 -9999.99 -9999.99 -9999.99 -9999.99 -9999.99 -9999.99 -9999.99 -9999.99 -9999.99 -9999.99 -9999.99 -9999.99 -9999.99 -9999.99 -9999.99 -9999.99
-9999.99 -9999.99 -9999.99 -9999.99 -9999.99 0.1750382 1.008429 2.456537 3.22412 3.344828 3.344828 3.344828 3.344828 3.344828 3.344828 3.344828 3.344828 3.268655 2.851959 1.639054 0.7318016 0.8681867 1.050259 1.231581 1.953453 2.639997 2.82692 3.031301 3.344828 3.344828 3.313607 3.195254 3.079061 2.982834 3.151441 3.274626 2.734784 0.6780253 -9999.99 -9999.99 -9999.99 -9999.99 -9999.99 -9999.99 -9999.99 -9999.99 -9999.99 -9999.99 -9999.99 -9999.99 -9999.99 -9999.99 -9999.99 -9999.99 -9999.99 -9999.99 -9999.99 -9999.99 -9999.99 -9999.99 -9999.99 -9999.99 -9999.99
-9999.99 -9999.99 -9999.99 -9999.99 -9999.99 0.04612724 0.1750311 1.045984 2.045938 2.514538 3.111359 3.344828 3.344828 3.344828 3.344828 3.344828 3.344828 3.344828 3.262318 2.934084 1.891092 0.9173005 1.108245 1.470534 2.202132 2.660962 2.821186 3.100334 3.329585 3.344828 3.316524 3.187095 3.062506 3.019354 3.07874 3.125478 1.831994 -9999.99 -9999.99 -9999.99 -9999.99 -9999.99 -9999.99 -9999.99 -9999.99 -9999.99 -9999.99 -9999.99 -9999.99 -9999.99 -9999.99 -9999.99 -9999.99 -9999.99 -9999.99 -9999.99 -9999.99 -9999.99 -9999.99 -9999.99 -9999.99 -9999.99 -9999.99
-9999.99 -9999.99 -9999.99 -9999.99 -9999.99 -9999.99 0.2133349 0.6355338 0.9614584 1.321212 2.527844 3.197711 3.246947 3.307367 3.337332 3.344828 3.344828 3.344828 3.344828 3.185383 2.170375 0.9581847 1.077142 1.604856 2.184413 2.585447 2.777462 3.078987 3.286733 3.344828 3.324412 3.218061 3.09905 2.749011 2.198615 1.461254 1.123755 -9999.99 -9999.99 -9999.99 -9999.99 -9999.99 -9999.99 -9999.99 -9999.99 -9999.99 -9999.99 -9999.99 -9999.99 -9999.99 -9999.99 -9999.99 -9999.99 -9999.99 -9999.99 -9999.99 -9999.99 -9999.99 -9999.99 -9999.99 -9999.99 -9999.99 -9999.99
-9999.99 -9999.99 -9999.99 -9999.99 -9999.99 -9999.99 0.2416584 0.6386415 0.9289191 1.246696 2.14729 2.984762 3.092584 3.232089 3.310319 3.337983 3.344828 3.344828 3.344828 2.942458 1.676706 1.678056 1.645473 1.689207 2.139031 2.524022 2.739093 2.809117 3.20996 3.344828 3.324412 3.272564 3.104563 2.672317 1.367442 0.5511181 0.7341939 -9999.99 -9999.99 -9999.99 -9999.99 -9999.99 -9999.99 -9999.99 -9999.99 -9999.99 -9999.99 -9999.99 -9999.99 -9999.99 -9999.99 -9999.99 -9999.99 -9999.99 -9999.99 -9999.99 -9999.99 -9999.99 -9999.99 -9999.99 -9999.99 -9999.99 -9999.99
-9999.99 -9999.99 -9999.99 -9999.99 -9999.99 -9999.99 0.1809593 0.5426125 0.8702461 1.125708 1.842569 2.660837 3.05664 3.145636 3.244174 3.296574 3.33791 3.344828 3.344828 3.317026 2.436777 2.727974 2.810154 1.844539 2.228214 2.57657 2.578857 2.634738 2.956979 3.344828 3.344828 3.313859 3.285161 2.644117 0.9789308 0.3510177 0.4579274 -9999.99 -9999.99 -9999.99 -9999.99 -9999.99 -9999.99 -9999.99 -9999.99 -9999.99 -9999.99 -9999.99 -9999.99 -9999.99 -9999.99 -9999.99 -9999.99 -9999.99 -9999.99 -9999.99 -9999.99 -9999.99 -9999.99 -9999.99 -9999.99 -9999.99 -9999.99
-9999.99 -9999.99 -9999.99 -9999.99 -9999.99 -9999.99 -9999.99 0.453978 0.7252113 1.013826 1.702351 2.522028 2.804536 3.072293 3.173991 3.250499 3.322192 3.344828 3.344828 3.337168 3.235137 2.396565 2.387885 1.724114 2.303449 2.523975 2.440304 2.163441 2.263916 3.31139 3.344828 3.344828 3.332026 2.820848 0.8750702 0.172584 0.2494782 -9999.99 -9999.99 -9999.99 -9999.99 -9999.99 -9999.99 -9999.99 -9999.99 -9999.99 -9999.99 -9999.99 -9999.99 -9999.99 -9999.99 -9999.99 -9999.99 -9999.99 -9999.99 -9999.99 -9999.99 -9999.99 -9999.99 -9999.99 -9999.99 -9999.99 -9999.99
-9999.99 -9999.99 -9999.99 -9999.99 -9999.99 -9999.99 -9999.99 0.300252 0.6691675 1.09584 1.735125 2.482364 2.688664 3.049409 3.128366 3.212283 3.325778 3.344828 3.344828 3.337168 2.418761 1.233579 1.248215 1.511504 2.264147 2.425647 2.364477 1.926047 2.138432 3.166955 3.312918 3.344828 3.344828 2.67088 0.545257 0.09470692 -9999.99 -9999.99 -9999.99 -9999.99 -9999.99 -9999.99 -9999.99 -9999.99 -9999.99 -9999.99 -9999.99 -9999.99 -9999.99 -9999.99 -9999.99 -9999.99 -9999.99 -9999.99 -9999.99 -9999.99 -9999.99 -9999.99 -9999.99 -9999.99 -9999.99 -9999.99 -9999.99
-9999.99 -9999.99 -9999.99 -9999.99 -9999.99 -9999.99 -9999.99 -9999.99 0.4911928 0.9253505 1.607009 2.401046 2.788633 2.973672 3.081203 3.170416 3.339214 3.344828 3.344828 3.070326 1.39464 0.7081812 1.029727 1.494108 2.310746 2.26508 2.048708 1.580284 1.88725 3.063606 3.208349 3.33506 3.344828 2.733206 0.4386526 -9999.99 -9999.99 -9999.99 -9999.99 -9999.99 -9999.99 -9999.99 -9999.99 -9999.99 -9999.99 -9999.99 -9999.99 -9999.99 -9999.99 -9999.99 -9999.99 -9999.99 -9999.99 -9999.99 -9999.99 -9999.99 -9999.99 -9999.99 -9999.99 -9999.99 -9999.99 -9999.99 -9999.99
-9999.99 -9999.99 -9999.99 -9999.99 -9999.99 -9999.99 -9999.99 -9999.99 0.3938859 0.7730487 1.491961 2.269713 2.766569 2.978829 3.060785 3.204797 3.344828 3.344828 3.344828 2.519844 -9999.99 1.055764 1.308652 2.002182 2.211228 2.088105 1.665642 1.066288 1.458204 3.03611 3.170763 3.33506 3.344828 2.475907 -9999.99 -9999.99 -9999.99 -9999.99 -9999.99 -9999.99 -9999.99 -9999.99 -9999.99 -9999.99 -9999.99 -9999.99 -9999.99 -9999.99 -9999.99 -9999.99 -9999.99 -9999.99 -9999.99 -9999.99 -9999.99 -9999.99 -9999.99 -9999.99 -9999.99 -9999.99 -9999.99 -9999.99 -9999.99
