results/design/2d/grids/WWD_10m_500yr_2Hr_012_Haz.asc
ncols 214
nrows 366
xllcorner 208787.472
yllcorner 7383120
cellsize 10
nodata_value -9999.99
[rows 168 to 195 of 366, columns 63 to 125 of 214]
-9999.99 -9999.99 -9999.99 -9999.99 -9999.99 -9999.99 -9999.99 -9999.99 -9999.99 -9999.99 -9999.99 -9999.99 -9999.99 -9999.99 -9999.99 -9999.99 -9999.99 -9999.99 -9999.99 -9999.99 -9999.99 -9999.99 -9999.99 -9999.99 -9999.99 -9999.99 -9999.99 -9999.99 -9999.99 -9999.99 0.1086485 0.2427256 0.482008 0.975386 1.083903 1.302147 1.38267 1.507439 1.591454 1.720392 1.787394 1.833388 1.858523 1.860056 1.880207 1.914627 1.924659 1.916337 1.895509 1.879225 1.951858 2.16001 1.376226 -9999.99 -9999.99 -9999.99 1.164734 3.253646 3.344828 3.344828 3.269395 3.098233 2.773071
-9999.99 -9999.99 -9999.99 -9999.99 -9999.99 -9999.99 -9999.99 -9999.99 -9999.99 -9999.99 -9999.99 -9999.99 -9999.99 -9999.99 -9999.99 -9999.99 -9999.99 -9999.99 -9999.99 -9999.99 -9999.99 -9999.99 -9999.99 -9999.99 -9999.99 -9999.99 -9999.99 -9999.99 -9999.99 0.1020713 0.2320666 0.4505323 0.9163218 1.165381 1.233472 1.35279 1.431377 1.530893 1.597124 1.716463 1.779168 1.825791 1.880574 1.857319 1.892639 1.896896 1.896168 1.883158 1.853474 1.827468 1.878619 1.419466 -9999.99 -9999.99 -9999.99 0.3984094 0.9322096 3.239484 3.321103 3.344828 3.295337 3.081001 2.793379
-9999.99 -9999.99 -9999.99 -9999.99 -9999.99 -9999.99 -9999.99 -9999.99 -9999.99 -9999.99 -9999.99 -9999.99 -9999.99 -9999.99 -9999.99 -9999.99 -9999.99 -9999.99 -9999.99 -9999.99 -9999.99 -9999.99 -9999.99 -9999.99 -9999.99 -9999.99 -9999.99 -9999.99 0.04832491 0.17645 0.4182205 0.9275953 1.128587 1.245419 1.295673 1.344691 1.474397 1.557021 1.621789 1.697322 1.760802 1.81325 1.876969 1.867302 1.888008 1.879434 1.877987 1.882958 1.858803 1.802238 1.839433 0.9342028 -9999.99 -9999.99 0.2941701 0.6674116 1.792639 3.17989 3.309578 3.344828 3.281311 3.029127 2.757801
-9999.99 -9999.99 -9999.99 -9999.99 -9999.99 -9999.99 -9999.99 -9999.99 -9999.99 -9999.99 -9999.99 -9999.99 -9999.99 -9999.99 -9999.99 -9999.99 -9999.99 -9999.99 -9999.99 -9999.99 -9999.99 -9999.99 -9999.99 -9999.99 -9999.99 -9999.99 -9999.99 -9999.99 0.1154158 0.247506 0.6014054 1.119556 1.211923 1.281443 1.314772 1.392676 1.493705 1.581323 1.6689 1.714256 1.754561 1.798993 1.844433 1.879798 1.875631 1.86473 1.866228 1.884066 1.896902 1.822188 1.38165 -9999.99 -9999.99 -9999.99 0.2420885 0.5620687 2.845858 3.20305 3.310642 3.344828 3.272657 3.011624 2.659801
-9999.99 -9999.99 -9999.99 -9999.99 -9999.99 -9999.99 -9999.99 -9999.99 -9999.99 -9999.99 -9999.99 -9999.99 -9999.99 -9999.99 -9999.99 -9999.99 -9999.99 -9999.99 -9999.99 -9999.99 -9999.99 -9999.99 -9999.99 -9999.99 -9999.99 -9999.99 -9999.99 0.107728 0.22418 0.4489423 0.420799 1.105053 1.24431 1.233501 1.300654 1.403251 1.46378 1.600329 1.6756 1.717338 1.753357 1.789734 1.836621 1.814804 1.833619 1.854712 1.864389 1.879866 1.871977 1.849877 0.9197152 -9999.99 -9999.99 0.1270866 0.7694744 2.325335 3.205489 3.253493 3.327423 3.344828 3.241693 2.965841 2.622699
-9999.99 -9999.99 -9999.99 -9999.99 -9999.99 -9999.99 -9999.99 -9999.99 -9999.99 -9999.99 -9999.99 -9999.99 -9999.99 -9999.99 -9999.99 -9999.99 -9999.99 -9999.99 -9999.99 -9999.99 -9999.99 -9999.99 -9999.99 -9999.99 -9999.99 -9999.99 0.05346414 0.1873574 0.3576313 0.4015045 0.2689101 1.072713 1.22822 1.214013 1.265142 1.405907 1.508873 1.595046 1.661275 1.697632 1.752056 1.786334 1.820898 1.768974 1.830679 1.853294 1.86979 1.871665 1.854208 1.412361 -9999.99 -9999.99 -9999.99 -9999.99 1.346992 3.119994 3.233122 3.298398 3.341554 3.329519 3.154684 2.865843 2.520652
-9999.99 -9999.99 -9999.99 -9999.99 -9999.99 -9999.99 -9999.99 -9999.99 -9999.99 -9999.99 -9999.99 -9999.99 -9999.99 -9999.99 -9999.99 -9999.99 -9999.99 -9999.99 -9999.99 -9999.99 -9999.99 -9999.99 -9999.99 -9999.99 -9999.99 -9999.99 0.05024445 0.1928221 0.3984679 0.6203353 0.806248 1.11681 1.184379 1.197692 1.216385 1.379 1.536582 1.619607 1.675582 1.725463 1.754909 1.784744 1.816971 1.828231 1.799413 1.871784 1.888365 1.882494 1.827358 0.9499048 -9999.99 -9999.99 -9999.99 0.8733448 2.735467 3.271325 3.282454 3.338295 3.344828 3.208457 2.985243 2.801834 2.395037
-9999.99 -9999.99 -9999.99 -9999.99 -9999.99 -9999.99 -9999.99 -9999.99 -9999.99 -9999.99 -9999.99 -9999.99 -9999.99 -9999.99 -9999.99 -9999.99 -9999.99 -9999.99 -9999.99 -9999.99 -9999.99 -9999.99 -9999.99 -9999.99 -9999.99 -9999.99 0.0474818 0.1736642 0.403333 0.7403607 1.03062 1.093025 1.122519 1.200331 1.276503 1.389073 1.530503 1.628823 1.690399 1.719283 1.749878 1.79933 1.824445 1.833155 1.784856 1.905371 1.914166 1.836882 0.8927123 -9999.99 -9999.99 -9999.99 -9999.99 0.9834458 3.293274 3.325485 3.330348 3.311085 3.202226 3.065679 2.965926 2.714584 2.441448
-9999.99 -9999.99 -9999.99 -9999.99 -9999.99 -9999.99 -9999.99 -9999.99 -9999.99 -9999.99 -9999.99 -9999.99 -9999.99 -9999.99 -9999.99 -9999.99 -9999.99 -9999.99 -9999.99 -9999.99 -9999.99 -9999.99 -9999.99 -9999.99 -9999.99 -9999.99 0.04725996 0.1815674 0.3881831 0.7040583 1.062582 1.096225 1.145867 1.137992 1.2984 1.404362 1.539791 1.630426 1.714868 1.69055 1.768981 1.810588 1.828736 1.861253 1.893467 1.925447 1.899738 1.358592 -9999.99 -9999.99 -9999.99 -9999.99 0.8851078 2.531989 3.273767 3.31057 3.316267 3.187783 3.066185 3.012233 2.85214 2.70031 2.424289
-9999.99 -9999.99 -9999.99 -9999.99 -9999.99 -9999.99 -9999.99 -9999.99 -9999.99 -9999.99 -9999.99 -9999.99 -9999.99 -9999.99 -9999.99 -9999.99 -9999.99 -9999.99 -9999.99 -9999.99 -9999.99 -9999.99 -9999.99 -9999.99 -9999.99 -9999.99 -9999.99 0.1855289 0.4070862 0.639625 1.003623 1.083044 1.153188 1.125408 1.258224 1.402712 1.53421 1.670667 1.749454 1.720411 1.808327 1.824831 1.844275 1.907197 1.93212 1.934454 1.801259 -9999.99 -9999.99 -9999.99 -9999.99 0.4129736 1.719132 3.306104 3.303138 3.319426 3.232335 3.100396 2.994778 2.875534 2.568034 2.530418 2.430998
-9999.99 -9999.99 -9999.99 -9999.99 -9999.99 -9999.99 -9999.99 -9999.99 -9999.99 -9999.99 -9999.99 -9999.99 -9999.99 -9999.99 -9999.99 -9999.99 -9999.99 -9999.99 -9999.99 -9999.99 -9999.99 -9999.99 -9999.99 -9999.99 -9999.99 -9999.99 -9999.99 0.2150689 0.3836783 0.590214 0.8984879 1.083717 1.15307 1.132673 1.31108 1.414232 1.565761 1.702137 1.774172 1.809681 1.848408 1.854866 1.900437 1.954589 1.943532 1.779722 -9999.99 -9999.99 -9999.99 -9999.99 -9999.99 0.5572454 2.81721 3.260227 3.321467 3.270812 3.126052 3.053876 2.932256 2.704407 2.353969 2.411325 2.222479
-9999.99 -9999.99 -9999.99 -9999.99 -9999.99 -9999.99 -9999.99 -9999.99 -9999.99 -9999.99 -9999.99 -9999.99 -9999.99 -9999.99 -9999.99 -9999.99 -9999.99 -9999.99 -9999.99 -9999.99 -9999.99 -9999.99 -9999.99 -9999.99 -9999.99 -9999.99 0.04815236 0.2087267 0.3947586 0.6974926 0.8338505 1.132074 1.146624 1.162249 1.33662 1.445915 1.6379 1.720822 1.784921 1.87699 1.89557 1.908328 1.951105 2.029339 2.158384 2.005111 -9999.99 -9999.99 -9999.99 -9999.99 0.4664891 1.799325 3.236504 3.293228 3.312313 3.197961 3.053251 2.994151 2.898857 2.59526 2.360063 2.208338 2.040873
-9999.99 -9999.99 -9999.99 -9999.99 -9999.99 -9999.99 -9999.99 -9999.99 -9999.99 -9999.99 -9999.99 -9999.99 -9999.99 -9999.99 -9999.99 -9999.99 -9999.99 -9999.99 -9999.99 -9999.99 -9999.99 -9999.99 -9999.99 -9999.99 -9999.99 -9999.99 0.03018849 0.1921241 0.4527211 0.8137878 0.9520882 1.11409 1.106886 1.180993 1.341731 1.490931 1.715032 1.791898 1.860681 1.910783 1.929551 1.941013 1.99195 1.802494 1.802545 2.349219 1.567543 -9999.99 -9999.99 -9999.99 0.6781666 2.763858 3.30626 3.336634 3.288397 3.126474 2.965217 2.869956 2.791234 2.390115 2.278821 2.055988 1.970005
-9999.99 -9999.99 -9999.99 -9999.99 -9999.99 -9999.99 -9999.99 -9999.99 -9999.99 -9999.99 -9999.99 -9999.99 -9999.99 -9999.99 -9999.99 -9999.99 -9999.99 -9999.99 -9999.99 -9999.99 -9999.99 -9999.99 -9999.99 -9999.99 -9999.99 -9999.99 -9999.99 0.1431683 0.3877076 0.7010025 0.9272826 0.9573652 1.043297 1.20115 1.474202 1.52427 1.774926 1.85028 1.877962 1.930267 1.979959 2.005598 1.910341 1.255327 -9999.99 -9999.99 1.566911 -9999.99 -9999.99 0.4260598 1.624099 3.163355 3.344828 3.304804 3.199828 3.051715 2.88396 2.796685 2.694415 2.208142 2.061931 2.026511 1.926305
-9999.99 -9999.99 -9999.99 -9999.99 -9999.99 -9999.99 -9999.99 -9999.99 -9999.99 -9999.99 -9999.99 -9999.99 -9999.99 -9999.99 -9999.99 -9999.99 -9999.99 -9999.99 -9999.99 -9999.99 -9999.99 -9999.99 -9999.99 -9999.99 -9999.99 -9999.99 -9999.99 -9999.99 0.3952715 0.5909297 0.8997455 0.9455861 0.8407258 1.166289 1.434961 1.550833 1.759415 1.848583 1.892723 1.926077 1.957859 1.980333 1.635272 -9999.99 -9999.99 -9999.99 -9999.99 -9999.99 -9999.99 0.6955681 2.67816 3.235411 3.308389 3.249554 3.137527 2.963491 2.783462 2.756162 2.544467 2.158261 1.936747 2.022951 1.905597
-9999.99 -9999.99 -9999.99 -9999.99 -9999.99 -9999.99 -9999.99 -9999.99 -9999.99 -9999.99 -9999.99 -9999.99 -9999.99 -9999.99 -9999.99 -9999.99 -9999.99 -9999.99 -9999.99 -9999.99 -9999.99 -9999.99 -9999.99 -9999.99 -9999.99 -9999.99 -9999.99 -9999.99 0.2172477 0.5055804 1.013851 1.00522 0.8130049 1.138748 1.671755 1.753957 1.781891 1.846725 1.947153 1.931674 1.906369 1.834135 1.303017 -9999.99 -9999.99 -9999.99 -9999.99 -9999.99 0.472634 1.724516 3.097437 3.277605 3.306161 3.204278 3.116231 2.905288 2.631498 2.737987 2.484929 2.099041 1.919428 1.960681 1.825688
-9999.99 -9999.99 -9999.99 -9999.99 -9999.99 -9999.99 -9999.99 -9999.99 -9999.99 -9999.99 -9999.99 -9999.99 -9999.99 -9999.99 -9999.99 -9999.99 -9999.99 -9999.99 -9999.99 -9999.99 -9999.99 -9999.99 -9999.99 -9999.99 -9999.99 -9999.99 -9999.99 -9999.99 0.006870001 0.2516851 1.082857 1.158256 1.160408 1.480001 1.82635 1.827534 1.876146 1.916676 1.947227 1.932724 1.852447 1.739918 -9999.99 -9999.99 -9999.99 -9999.99 -9999.99 -9999.99 0.7253475 2.043635 3.165165 3.322298 3.26133 3.149876 3.078786 2.856792 2.58011 2.590904 2.384938 2.084876 2.00506 1.938646 1.708739
-9999.99 -9999.99 -9999.99 -9999.99 -9999.99 -9999.99 -9999.99 -9999.99 -9999.99 -9999.99 -9999.99 -9999.99 -9999.99 -9999.99 -9999.99 -9999.99 -9999.99 -9999.99 -9999.99 -9999.99 -9999.99 -9999.99 -9999.99 -9999.99 -9999.99 0.01428563 0.04207925 -9999.99 0.01728532 0.8253646 1.235485 1.289521 1.129504 1.452019 1.684368 1.896644 1.98081 2.004456 1.995846 1.94602 1.782595 -9999.99 -9999.99 -9999.99 -9999.99 -9999.99 0.1122716 0.1278886 0.9319241 2.153669 3.22139 3.292822 3.192962 3.131459 3.070325 2.891603 2.648915 2.582698 2.397182 2.12051 2.010284 1.874477 1.58892
-9999.99 -9999.99 -9999.99 -9999.99 -9999.99 -9999.99 -9999.99 -9999.99 -9999.99 -9999.99 -9999.99 -9999.99 -9999.99 -9999.99 -9999.99 -9999.99 -9999.99 -9999.99 -9999.99 -9999.99 -9999.99 -9999.99 -9999.99 -9999.99 -9999.99 0.0734939 0.3226825 0.3662257 0.3081431 1.12228 1.321703 1.364089 1.318388 1.660595 1.866735 2.085657 2.16216 2.178859 2.051953 1.871077 -9999.99 -9999.99 -9999.99 -9999.99 -9999.99 0.3456293 0.4011114 0.2933921 1.315905 2.394573 3.233741 3.290131 3.150291 3.115776 3.062248 2.945879 2.694966 2.610409 2.402177 2.158451 2.020517 1.845621 1.575062
-9999.99 -9999.99 -9999.99 -9999.99 -9999.99 -9999.99 -9999.99 -9999.99 -9999.99 -9999.99 -9999.99 -9999.99 -9999.99 -9999.99 -9999.99 -9999.99 -9999.99 -9999.99 -9999.99 -9999.99 -9999.99 -9999.99 -9999.99 -9999.99 0.02687101 0.1314244 0.4224098 0.5683013 0.6244259 1.230171 1.343209 1.374047 1.766961 1.92403 2.098729 2.392588 2.475321 2.163921 2.072262 -9999.99 -9999.99 -9999.99 -9999.99 -9999.99 -9999.99 0.6650721 0.5398063 0.5981 1.683997 2.728787 3.212877 3.292465 3.130579 3.096321 3.060531 2.994416 2.780015 2.56833 2.318892 2.099409 1.982501 1.816447 1.650862
-9999.99 -9999.99 -9999.99 -9999.99 -9999.99 -9999.99 -9999.99 -9999.99 -9999.99 -9999.99 -9999.99 -9999.99 -9999.99 -9999.99 -9999.99 -9999.99 -9999.99 -9999.99 -9999.99 -9999.99 -9999.99 -9999.99 -9999.99 -9999.99 0.02687101 0.1299903 0.559273 0.8192177 0.9760092 1.34083 1.345421 1.515348 1.855708 2.08253 2.228187 2.286144 2.247808 2.419178 -9999.99 -9999.99 -9999.99 -9999.99 -9999.99 -9999.99 0.6459269 0.9941151 0.6581328 0.8443602 1.963018 2.815341 3.190371 3.303307 3.139859 3.100315 3.064438 3.007247 2.892047 2.597301 2.176855 1.984399 1.881927 1.79646 1.718841
-9999.99 -9999.99 -9999.99 -9999.99 -9999.99 -9999.99 -9999.99 -9999.99 -9999.99 -9999.99 -9999.99 -9999.99 -9999.99 -9999.99 -9999.99 -9999.99 -9999.99 -9999.99 -9999.99 -9999.99 -9999.99 -9999.99 -9999.99 -9999.99 -9999.99 -9999.99 0.8496611 1.229849 1.176509 1.393335 1.374035 1.68787 1.914115 2.085868 2.072997 2.150282 2.184121 1.918981 -9999.99 -9999.99 -9999.99 -9999.99 -9999.99 0.2612618 0.9993802 1.08957 0.7459696 1.045186 2.060925 2.806728 3.188074 3.303307 3.162331 3.104753 3.073991 3.010292 2.938942 2.580588 2.072761 1.922937 1.873593 1.79609 1.664887
-9999.99 -9999.99 -9999.99 -9999.99 -9999.99 -9999.99 -9999.99 -9999.99 -9999.99 -9999.99 -9999.99 -9999.99 -9999.99 -9999.99 -9999.99 -9999.99 -9999.99 -9999.99 -9999.99 -9999.99 -9999.99 -9999.99 -9999.99 -9999.99 -9999.99 0.6019098 1.074588 1.37381 1.405988 1.464674 1.604154 1.802715 1.950956 2.191128 2.394337 2.481162 2.269078 -9999.99 -9999.99 -9999.99 -9999.99 -9999.99 -9999.99 0.3229137 1.112241 1.273031 0.7475019 1.18567 2.20136 2.772042 3.160439 3.306412 3.157572 3.088704 3.081577 3.01909 2.937138 2.659797 2.083479 1.908075 1.872557 1.743361 1.487229
-9999.99 -9999.99 -9999.99 -9999.99 -9999.99 -9999.99 -9999.99 -9999.99 -9999.99 -9999.99 -9999.99 -9999.99 -9999.99 -9999.99 -9999.99 -9999.99 -9999.99 -9999.99 -9999.99 -9999.99 -9999.99 -9999.99 -9999.99 0.03522624 0.4230681 0.8152223 1.057966 1.343253 1.592321 1.517039 1.841174 1.862083 1.978692 2.441345 2.741202 2.429117 -9999.99 -9999.99 -9999.99 -9999.99 -9999.99 -9999.99 -9999.99 0.4395187 1.212392 1.590151 1.23637 1.267798 2.228501 2.824439 3.169209 3.315168 3.178941 3.101592 3.091282 3.031562 2.960402 2.582088 2.109856 1.924537 1.783491 1.506623 1.25175
-9999.99 -9999.99 -9999.99 -9999.99 -9999.99 -9999.99 -9999.99 -9999.99 -9999.99 -9999.99 -9999.99 -9999.99 -9999.99 -9999.99 -9999.99 -9999.99 -9999.99 -9999.99 -9999.99 -9999.99 -9999.99 -9999.99 0.04116751 0.1731816 0.5606977 0.8559551 1.058238 1.27047 1.729087 1.669543 1.758782 2.176864 2.497754 2.845716 2.616142 -9999.99 -9999.99 -9999.99 -9999.99 -9999.99 0.2526337 0.4640177 0.6579171 1.068403 1.39642 1.319717 1.054203 1.320699 2.360587 2.864709 3.136999 3.295826 3.207412 3.124719 3.109794 3.061727 2.793546 2.320746 1.968751 1.849345 1.70947 1.4118 1.158877
-9999.99 -9999.99 -9999.99 -9999.99 -9999.99 -9999.99 -9999.99 -9999.99 -9999.99 -9999.99 -9999.99 -9999.99 -9999.99 -9999.99 -9999.99 -9999.99 -9999.99 -9999.99 -9999.99 -9999.99 -9999.99 -9999.99 0.1263821 0.3165461 0.6544777 0.9793633 1.120467 1.322132 1.761495 1.809999 1.814441 2.617907 2.947185 2.88903 -9999.99 -9999.99 -9999.99 -9999.99 -9999.99 0.2401743 0.5333145 1.055293 1.434384 1.559756 1.546157 1.029946 1.044273 1.745019 2.313015 2.755917 3.112266 3.269483 3.221368 3.157427 3.122551 3.047233 2.649223 2.161386 1.927517 1.816266 1.789148 1.592435 1.345932
-9999.99 -9999.99 -9999.99 -9999.99 -9999.99 -9999.99 -9999.99 -9999.99 -9999.99 -9999.99 -9999.99 -9999.99 -9999.99 -9999.99 -9999.99 -9999.99 -9999.99 -9999.99 -9999.99 -9999.99 -9999.99 0.07767165 0.2024185 0.4086449 0.8036237 1.128803 1.344124 1.479449 1.893344 2.212013 2.402828 2.969072 2.995493 -9999.99 -9999.99 -9999.99 -9999.99 -9999.99 0.2246657 0.5039901 0.9813764 1.450963 1.680168 1.733713 1.53319 0.8283889 1.178546 1.910931 2.329593 2.734528 3.141941 3.271987 3.204342 3.151929 3.111294 3.047697 2.936792 2.417445 1.980543 1.852087 1.794583 1.626613 1.460815
-9999.99 -9999.99 -9999.99 -9999.99 -9999.99 -9999.99 -9999.99 -9999.99 -9999.99 -9999.99 -9999.99 -9999.99 -9999.99 -9999.99 -9999.99 -9999.99 -9999.99 -9999.99 -9999.99 -9999.99 0.03506177 0.1323449 0.3200706 0.5770363 1.005999 1.229585 1.522438 1.766607 2.186996 2.660367 2.800516 3.12857 -9999.99 -9999.99 -9999.99 -9999.99 -9999.99 0.1970574 0.3821133 0.743827 1.273747 1.61774 1.764496 1.802279 1.553352 0.9036675 1.26471 2.016385 2.439342 2.774393 3.157704 3.288266 3.199582 3.1479 3.112195 3.074651 2.859367 2.325033 1.917191 1.797391 1.657909 1.493069 1.396371
