results/design/2d/grids/WWD_10m_500yr_2Hr_012_Haz.asc
ncols 214
nrows 366
xllcorner 208787.472
yllcorner 7383120
cellsize 10
nodata_value -9999.99
[rows 196 to 223 of 366, columns 63 to 125 of 214]
-9999.99 -9999.99 -9999.99 -9999.99 -9999.99 -9999.99 -9999.99 -9999.99 -9999.99 -9999.99 -9999.99 -9999.99 -9999.99 -9999.99 -9999.99 -9999.99 -9999.99 -9999.99 -9999.99 -9999.99 0.1362394 0.3132655 0.5544057 0.9733334 1.23102 1.354553 1.508318 1.905761 2.286447 2.972394 3.125136 2.040848 -9999.99 -9999.99 -9999.99 -9999.99 -9999.99 0.4271417 0.6079043 1.087481 1.448441 1.686371 1.819306 1.870185 1.584773 0.9756566 1.341308 2.060706 2.519094 2.920112 3.155069 3.298113 3.206015 3.169259 3.13656 3.02939 2.454109 1.911533 1.790998 1.609218 1.430277 1.284128 1.326385
-9999.99 -9999.99 -9999.99 -9999.99 -9999.99 -9999.99 -9999.99 -9999.99 -9999.99 -9999.99 -9999.99 -9999.99 -9999.99 -9999.99 -9999.99 -9999.99 -9999.99 -9999.99 -9999.99 0.03208526 0.2017618 0.6482348 1.004712 1.202033 1.354904 1.436684 1.570133 1.856246 2.274642 2.949249 2.906079 -9999.99 -9999.99 -9999.99 -9999.99 0.05502903 -9999.99 0.3883008 0.7221829 1.153875 1.47681 1.72656 1.925931 2.059749 1.757925 1.057412 1.435064 2.228248 2.61731 3.033664 3.181668 3.2841 3.190825 3.186714 3.142776 2.877499 1.999176 1.671955 1.469916 1.412714 1.347387 1.251475 1.254437
-9999.99 -9999.99 -9999.99 -9999.99 -9999.99 -9999.99 -9999.99 -9999.99 -9999.99 -9999.99 -9999.99 -9999.99 -9999.99 -9999.99 -9999.99 -9999.99 -9999.99 -9999.99 0.01162706 0.06614143 0.3143139 0.9830484 1.221665 1.335758 1.465008 1.503647 1.610996 1.750603 2.214141 3.015636 3.344828 -9999.99 -9999.99 -9999.99 0.6266375 0.5246037 0.2783 0.6998366 1.034253 1.265819 1.63475 2.055596 2.056699 2.058837 1.909651 1.151232 1.562165 2.352089 2.914711 3.079613 3.185107 3.230201 3.215491 3.20692 3.1689 2.732495 1.723837 1.168043 1.097979 1.221689 1.165412 1.148558 1.157413
-9999.99 -9999.99 -9999.99 -9999.99 -9999.99 -9999.99 -9999.99 -9999.99 -9999.99 -9999.99 -9999.99 -9999.99 -9999.99 -9999.99 -9999.99 -9999.99 -9999.99 -9999.99 0.02131291 0.08660153 0.5387247 1.115371 1.29557 1.418937 1.558518 1.594896 1.644139 1.755045 2.196693 -9999.99 2.499887 3.344573 -9999.99 2.725432 1.283146 1.573517 0.9992749 1.253432 1.419986 1.601671 1.92233 2.312342 2.23607 1.966127 1.747016 1.260895 1.602435 2.646166 3.023871 3.094495 3.197407 3.223223 3.237678 3.24501 3.10774 2.594711 1.433231 0.9216242 0.8952006 0.9013745 0.8440924 0.8735533 0.8656492
-9999.99 -9999.99 -9999.99 -9999.99 -9999.99 -9999.99 -9999.99 -9999.99 -9999.99 -9999.99 -9999.99 -9999.99 -9999.99 -9999.99 -9999.99 -9999.99 -9999.99 -9999.99 0.04680608 0.1660125 0.810031 1.198595 1.321221 1.448526 1.569348 1.659 1.721822 1.820636 -9999.99 -9999.99 -9999.99 3.344828 3.307112 2.12706 1.186506 1.501358 1.496899 1.455428 1.581671 1.783813 2.002479 2.259964 2.284694 1.953105 1.716072 1.598686 2.127472 2.845236 3.040423 3.110277 3.224514 3.236678 3.24528 3.253068 3.076055 2.290821 1.350792 0.8047991 0.6374434 0.5088435 0.4795417 0.5851988 0.4706739
-9999.99 -9999.99 -9999.99 -9999.99 -9999.99 -9999.99 -9999.99 -9999.99 -9999.99 -9999.99 -9999.99 -9999.99 -9999.99 -9999.99 -9999.99 -9999.99 -9999.99 0.01774915 0.05529353 0.3051349 1.030063 1.265575 1.372591 1.473002 1.580593 1.702539 1.80035 -9999.99 -9999.99 -9999.99 -9999.99 3.262192 2.92754 1.657273 1.08877 1.371114 1.648037 1.65226 1.734739 1.910454 2.132115 2.289805 2.259627 1.824886 1.4243 1.784114 2.499796 2.989102 3.106568 3.231423 3.269708 3.282394 3.221278 3.204413 2.855466 1.882984 1.429841 0.8064812 0.5465069 0.3452458 0.2414283 0.3319017 0.3361881
-9999.99 -9999.99 -9999.99 -9999.99 -9999.99 -9999.99 -9999.99 -9999.99 -9999.99 -9999.99 -9999.99 -9999.99 -9999.99 -9999.99 -9999.99 -9999.99 -9999.99 0.04140155 0.06370731 0.3026613 1.213003 1.365368 1.443871 1.52498 1.60352 1.778984 1.261587 -9999.99 -9999.99 -9999.99 -9999.99 2.181669 2.973825 1.997482 1.353188 1.509188 1.739812 1.786156 1.850706 2.032853 2.427309 2.544302 2.337505 1.99471 1.613626 2.016392 2.811147 3.16958 3.240912 3.30038 3.291848 3.302192 3.231187 3.23086 2.550694 1.737492 1.185553 0.8154387 0.4299107 0.2432408 0.174663 0.2269304 0.1670748
-9999.99 -9999.99 -9999.99 -9999.99 -9999.99 -9999.99 -9999.99 -9999.99 -9999.99 -9999.99 -9999.99 -9999.99 -9999.99 -9999.99 -9999.99 -9999.99 0.03497982 0.0737233 0.4530829 0.921344 1.320543 1.417005 1.530617 1.595439 1.660132 1.66503 -9999.99 -9999.99 -9999.99 -9999.99 0.5349785 1.632974 2.798453 2.592754 1.837674 1.713019 1.843939 1.93912 2.026409 2.427739 2.789416 2.697942 2.536763 2.216855 1.747522 2.276379 3.257216 3.29022 3.276684 3.266782 3.241042 3.232373 3.248798 2.908519 1.795378 1.53814 1.108531 0.7655377 0.3645471 0.07502104 0.06642099 0.1787881 0.08198795
-9999.99 -9999.99 -9999.99 -9999.99 -9999.99 -9999.99 -9999.99 -9999.99 -9999.99 -9999.99 -9999.99 -9999.99 -9999.99 -9999.99 -9999.99 0.02391044 0.05581251 0.2402849 0.9674249 1.259403 1.402495 1.449269 1.630762 1.674301 1.742916 -9999.99 -9999.99 -9999.99 -9999.99 0.2632112 0.8486263 1.508333 2.410127 2.950572 2.486318 1.916559 2.015616 2.252614 2.538881 2.879824 2.986769 2.855442 2.751862 2.71284 2.452102 2.924362 3.326053 3.265235 3.237909 3.228113 3.176684 3.153512 2.892331 2.377479 1.48786 1.353109 1.213022 0.9294795 0.5009072 0.1602379 0.2024318 0.1758219 0.1355547
-9999.99 -9999.99 -9999.99 -9999.99 -9999.99 -9999.99 -9999.99 -9999.99 -9999.99 -9999.99 -9999.99 -9999.99 -9999.99 -9999.99 0.02376429 0.05414959 0.2517128 0.9024892 1.288695 1.387159 1.469849 1.547086 1.658309 1.734879 -9999.99 -9999.99 -9999.99 -9999.99 0.08121298 0.5007498 0.8764782 1.448349 1.959535 2.632619 2.98438 2.532802 2.384769 2.804398 2.951016 3.032582 3.065956 3.123982 3.198793 3.219805 3.242697 3.29632 3.326671 3.218658 3.185237 3.140268 2.965503 2.638178 2.158813 1.661659 1.395597 1.418281 1.131515 0.9188862 0.6438881 0.2866334 0.2606391 0.1483751 0.1985892
-9999.99 -9999.99 -9999.99 -9999.99 -9999.99 -9999.99 -9999.99 -9999.99 -9999.99 -9999.99 -9999.99 -9999.99 -9999.99 0.01331084 0.04402726 0.6163386 0.9629942 1.311977 1.428074 1.47336 1.543373 1.657745 1.769682 -9999.99 -9999.99 -9999.99 -9999.99 -9999.99 0.202199 0.4436027 0.7843533 1.266127 1.688888 2.365775 2.955479 2.886679 2.613914 3.01647 3.048976 3.134668 3.218432 3.295995 3.344828 3.344828 3.344828 3.344828 3.244478 3.118447 3.078841 2.967486 2.255946 1.998851 1.67946 1.068043 1.25502 1.162432 0.9220123 0.7997125 0.6339313 0.2461762 0.1600264 0.1310395 0.1512553
-9999.99 -9999.99 -9999.99 -9999.99 -9999.99 -9999.99 -9999.99 -9999.99 -9999.99 -9999.99 -9999.99 -9999.99 0.01334032 0.03539908 0.4311525 1.149861 1.289987 1.429365 1.518381 1.601482 1.644458 1.750866 -9999.99 -9999.99 -9999.99 -9999.99 -9999.99 -9999.99 0.1542577 0.3789132 0.7147959 1.077714 1.663093 2.318595 3.009351 3.043977 2.914614 3.063237 3.16361 3.286377 3.337133 3.344828 3.287295 2.399816 3.210598 3.23186 3.091763 2.923978 2.632833 2.177742 1.82027 1.642203 1.531699 1.045959 1.226087 0.8865085 0.8666831 0.5678634 0.5602744 0.362898 0.2236736 0.1316887 0.1372607
-9999.99 -9999.99 -9999.99 -9999.99 -9999.99 -9999.99 -9999.99 -9999.99 -9999.99 -9999.99 -9999.99 -9999.99 0.02745241 0.1210551 0.9509469 1.299038 1.405272 1.524919 1.638736 1.699459 1.726647 -9999.99 -9999.99 -9999.99 -9999.99 -9999.99 -9999.99 -9999.99 0.04107544 0.1742827 0.5966376 1.008146 1.603526 2.332464 3.040762 3.070927 3.126731 3.152215 3.303228 3.344828 3.344828 3.22109 2.690518 2.040267 2.564035 3.083285 2.856679 2.321443 2.050256 1.792034 1.667248 1.488938 1.457146 1.423214 1.453223 1.082188 1.017891 0.7569194 0.7455425 0.7305807 0.5909125 0.2365373 0.159119
-9999.99 -9999.99 -9999.99 -9999.99 -9999.99 -9999.99 -9999.99 -9999.99 -9999.99 -9999.99 -9999.99 0.02534991 0.05054994 0.5500564 1.277418 1.417136 1.525745 1.62309 1.700938 1.742474 -9999.99 -9999.99 -9999.99 -9999.99 -9999.99 -9999.99 -9999.99 -9999.99 -9999.99 0.145291 0.4045295 1.051647 1.747711 2.504206 3.089545 3.133416 3.197034 3.287538 3.344828 3.344828 3.255058 3.091649 3.003487 2.880045 2.254088 3.053846 2.783484 2.033975 1.912702 1.79938 1.693252 1.594223 1.533964 1.515368 1.527536 1.3976 1.291293 1.285267 1.268357 1.149727 1.092978 0.7014584 0.5974775
-9999.99 -9999.99 -9999.99 -9999.99 -9999.99 -9999.99 -9999.99 -9999.99 -9999.99 -9999.99 0.03943966 0.330784 0.7409881 1.093467 1.408789 1.532509 1.619704 1.684748 1.734299 1.346771 -9999.99 -9999.99 -9999.99 -9999.99 -9999.99 -9999.99 -9999.99 -9999.99 0.05534172 0.2593967 0.4825857 1.206293 2.073982 2.922236 3.133757 3.221572 3.257832 3.334575 3.33674 3.303267 3.145571 3.028483 3.052982 2.894295 2.072624 2.308222 2.312284 1.843489 1.851962 1.857992 1.780559 1.740508 1.683856 1.678085 1.661039 1.584389 1.551528 1.499083 1.45046 1.359096 1.299579 1.209699 1.160982
-9999.99 -9999.99 -9999.99 -9999.99 -9999.99 -9999.99 -9999.99 -9999.99 -9999.99 0.03884699 0.07392166 0.8233979 1.301096 1.433533 1.492181 1.587911 1.668754 1.719637 1.789924 -9999.99 -9999.99 -9999.99 -9999.99 -9999.99 -9999.99 -9999.99 -9999.99 0.03613321 0.1506488 0.3584871 0.6081166 1.31781 2.138998 2.995772 3.104644 3.277151 3.329309 3.344828 3.33674 3.206216 3.070213 2.973503 3.150739 2.826029 1.970111 2.028429 1.744474 1.738802 1.818842 1.833269 1.803539 1.758328 1.719735 1.652028 1.593677 1.544539 1.497929 1.42474 1.316144 1.227291 0.9258154 0.7591454 0.7334473
-9999.99 -9999.99 -9999.99 -9999.99 -9999.99 -9999.99 -9999.99 -9999.99 0.3226861 0.6285002 0.8724241 1.240938 1.410779 1.52968 1.560395 1.66049 1.714923 1.814838 -9999.99 -9999.99 -9999.99 -9999.99 -9999.99 -9999.99 -9999.99 -9999.99 -9999.99 0.07251658 0.2034339 0.3273592 0.8030306 1.415885 2.326785 3.057326 3.160337 3.317729 3.344828 3.344828 3.230309 3.099338 2.938474 2.828884 2.361316 2.285122 1.793894 2.780323 1.861426 1.825334 1.822871 1.784976 1.694149 1.646192 1.563271 1.479456 1.383611 1.254774 1.192654 1.078771 1.086082 0.9025511 0.2664677 0.2334507 0.2807915
-9999.99 -9999.99 -9999.99 -9999.99 -9999.99 -9999.99 -9999.99 0.01844194 0.3390321 1.252802 1.363284 1.412228 1.537833 1.59494 1.655432 1.728382 1.780988 -9999.99 -9999.99 -9999.99 -9999.99 -9999.99 -9999.99 -9999.99 -9999.99 -9999.99 -9999.99 0.1342765 0.2798943 0.4547713 0.9187427 1.743114 2.653931 3.094669 3.270779 3.344828 3.344828 3.311464 3.155664 3.070524 2.763878 2.05656 1.269022 1.558318 2.058327 2.760148 1.84191 1.819328 1.773603 1.71947 1.620145 1.566087 1.460577 1.371494 1.259066 1.101351 0.9685747 0.6776069 0.6666248 0.3692251 0.1737838 0.1411916 0.1489659
-9999.99 -9999.99 -9999.99 -9999.99 -9999.99 -9999.99 -9999.99 0.041647 0.8393115 1.295541 1.494613 1.549759 1.636446 1.683849 1.72307 2.127054 1.713253 -9999.99 -9999.99 -9999.99 -9999.99 -9999.99 -9999.99 -9999.99 -9999.99 -9999.99 0.03763569 0.2022978 0.2861123 0.5457953 1.080451 2.014598 2.940443 3.150341 3.32558 3.344828 3.344828 3.238411 3.140183 3.006671 2.646607 1.606035 1.327015 1.339689 2.197014 2.455874 1.839565 1.814721 1.762778 1.699955 1.638436 1.538717 1.399211 1.299693 1.259058 1.163253 0.9753794 0.5958734 0.2340139 0.0883209 0.06768202 -9999.99 -9999.99
-9999.99 -9999.99 -9999.99 -9999.99 -9999.99 -9999.99 -9999.99 0.2944863 1.150519 1.369848 1.516146 1.600607 1.676402 1.741689 -9999.99 -9999.99 2.049075 -9999.99 -9999.99 -9999.99 -9999.99 -9999.99 -9999.99 -9999.99 -9999.99 -9999.99 0.1343112 0.310707 0.417868 0.6643443 1.362437 2.409256 3.093749 3.265217 3.342923 3.344828 3.267837 3.147844 3.074928 2.942777 2.506255 2.285781 2.571575 1.249574 1.881166 1.860802 1.817279 1.796417 1.74801 1.686286 1.608982 1.501339 1.342927 1.024231 1.198714 1.142316 0.7749176 0.5264308 0.1396961 0.03343572 -9999.99 -9999.99 0.02975054
-9999.99 -9999.99 -9999.99 -9999.99 -9999.99 -9999.99 0.02535654 0.3625478 1.259559 1.468809 1.585177 1.670821 1.754079 -9999.99 -9999.99 -9999.99 -9999.99 0.9602918 0.2980643 -9999.99 -9999.99 -9999.99 -9999.99 -9999.99 0.05409553 0.1471489 0.3168249 0.4115582 0.6790124 1.107393 1.909617 2.84372 3.17564 3.334221 3.344828 3.313327 3.171358 3.119117 3.051254 2.87846 2.593657 2.625532 1.906277 1.186846 1.858805 1.836226 1.790765 1.777255 1.714654 1.644547 1.585395 1.482536 1.273425 0.8927463 1.079697 0.8964325 0.4351515 0.3143596 0.03863411 0.01210271 0.004861164 0.007784683 0.03301653
-9999.99 -9999.99 -9999.99 -9999.99 -9999.99 -9999.99 0.05600129 0.8890192 1.41882 1.635832 1.69126 1.759787 -9999.99 -9999.99 -9999.99 -9999.99 -9999.99 -9999.99 0.6427171 0.6588638 0.6186004 -9999.99 -9999.99 0.05110809 0.2091718 0.3216931 0.4842784 0.5068875 0.9250985 1.669883 2.622581 3.092323 3.298181 3.344828 3.344828 3.253868 3.138524 3.074146 3.035775 2.896863 2.55471 2.065495 0.6327271 1.148046 1.858991 1.818497 1.778293 1.759398 1.692964 1.621831 1.562286 1.454061 1.314383 1.069147 1.007145 0.5383584 0.2503267 0.1148431 0.008238104 -9999.99 -9999.99 -9999.99 -9999.99
-9999.99 -9999.99 -9999.99 -9999.99 -9999.99 -9999.99 0.3035154 1.278034 1.523078 1.699745 1.656752 -9999.99 -9999.99 -9999.99 -9999.99 -9999.99 -9999.99 -9999.99 0.3446527 1.084107 1.348714 0.6580942 0.5517805 0.3742047 0.4824015 0.5708722 0.6777871 0.7362314 1.140665 1.998343 2.987648 3.279738 3.343572 3.344828 3.302988 3.151197 3.113724 3.056762 3.006156 2.851201 2.429114 1.804026 0.6276874 1.09583 1.838128 1.794425 1.776756 1.728831 1.676365 1.605754 1.501511 1.353132 1.223305 0.8624302 0.6442857 0.2843494 0.1425458 0.03043883 -9999.99 -9999.99 -9999.99 0.003259962 -9999.99
-9999.99 -9999.99 -9999.99 -9999.99 -9999.99 0.01669132 0.4148434 1.243903 1.397255 0.9129763 -9999.99 -9999.99 -9999.99 -9999.99 -9999.99 -9999.99 -9999.99 -9999.99 -9999.99 0.3399967 1.535542 1.427723 0.945911 0.9458726 0.8303219 0.7659163 0.925717 1.121953 1.551076 2.469866 3.242684 3.339437 3.344828 3.344828 3.245391 3.137131 3.079166 3.0469 2.986654 2.760122 2.256236 1.206874 0.898946 1.518805 1.823994 1.769988 1.735238 1.69736 1.612922 1.535355 1.395841 1.220396 0.7867568 0.4583557 0.3201213 0.1530989 -9999.99 -9999.99 -9999.99 -9999.99 0.001306186 0.008006704 0.01139867
-9999.99 -9999.99 -9999.99 -9999.99 -9999.99 0.07097688 0.4637216 1.199858 0.4718995 -9999.99 -9999.99 -9999.99 -9999.99 -9999.99 -9999.99 -9999.99 -9999.99 -9999.99 -9999.99 0.3384437 1.200277 1.652127 1.236285 1.619842 1.404426 1.229562 1.428424 1.539517 2.181708 3.122207 3.326232 3.344828 3.344828 3.242282 3.104308 3.115639 3.065055 3.021981 2.968943 2.57164 1.578818 -9999.99 0.9298149 1.792304 1.825782 1.750111 1.685391 1.637104 1.555048 1.430663 1.261228 0.9419683 0.2850246 0.2113729 0.1511951 -9999.99 -9999.99 -9999.99 0.01659282 0.008024269 -9999.99 0.01278918 0.01394121
-9999.99 -9999.99 -9999.99 -9999.99 -9999.99 0.08237424 1.131313 1.121667 -9999.99 -9999.99 -9999.99 -9999.99 -9999.99 -9999.99 -9999.99 -9999.99 -9999.99 -9999.99 0.09099716 0.2223929 0.735822 1.691491 1.740909 1.787662 1.795803 1.810665 2.079599 2.301833 2.895605 3.306307 3.344828 3.34107 3.304545 3.175802 3.105123 3.074003 3.042542 3.009414 2.868243 2.376862 1.410895 -9999.99 0.8917904 1.849538 1.820362 1.709835 1.579933 1.574179 1.473573 1.321127 1.165171 0.8032373 0.1797834 0.1129448 0.09915715 -9999.99 -9999.99 -9999.99 -9999.99 -9999.99 -9999.99 0.005474825 0.01669468
-9999.99 -9999.99 -9999.99 -9999.99 -9999.99 1.185678 1.446315 -9999.99 -9999.99 -9999.99 -9999.99 -9999.99 -9999.99 -9999.99 -9999.99 -9999.99 0.1857564 0.2563068 0.3614108 0.4825239 0.915839 1.504099 1.775288 1.915103 2.099491 2.31135 2.743355 2.916568 3.264373 3.344828 3.342142 3.335638 3.249293 3.116462 3.080369 3.049003 3.003217 2.973466 2.639903 2.080671 1.412176 0.1904062 0.8216528 1.832913 1.791844 1.587101 1.426802 1.494765 1.423806 1.296733 1.073932 0.6791459 0.222533 0.1261662 -9999.99 -9999.99 -9999.99 -9999.99 -9999.99 -9999.99 -9999.99 0.008898599 0.0173122
-9999.99 -9999.99 -9999.99 -9999.99 1.1814 -9999.99 -9999.99 -9999.99 -9999.99 -9999.99 -9999.99 -9999.99 -9999.99 -9999.99 -9999.99 0.2056338 0.5182843 0.6872481 0.7942933 0.9130043 1.091896 1.388121 1.75427 2.106345 2.504991 2.910704 3.09246 3.18486 3.342524 3.344828 3.342142 3.283742 3.178928 3.082358 3.044417 3.027776 2.966534 2.857735 2.501496 1.831102 1.336604 0.3042423 0.7719927 1.782594 1.70849 1.571952 1.452388 1.429479 1.356764 1.266286 1.111216 0.7442787 0.3499048 0.1820026 0.05688977 0.05174894 -9999.99 -9999.99 -9999.99 -9999.99 -9999.99 0.04465101 0.1160448
