results/design/2d/grids/WWD_10m_50yr_2Hr_012_Haz.asc
ncols 214
nrows 366
xllcorner 208787.472
yllcorner 7383120
cellsize 10
nodata_value -9999.99
[rows 252 to 279 of 366, columns 63 to 125 of 214]
0.3875126 1.760613 2.576196 3.233437 3.305395 3.245874 2.660051 -9999.99 -9999.99 -9999.99 0.009296803 0.1201055 0.1677973 0.180178 0.2848749 0.06458353 0.1854727 0.07376975 -9999.99 -9999.99 -9999.99 -9999.99 0.1899106 0.6496854 0.4853242 0.1096907 -9999.99 -9999.99 -9999.99 -9999.99 -9999.99 -9999.99 -9999.99 -9999.99 -9999.99 -9999.99 -9999.99 -9999.99 -9999.99 -9999.99 -9999.99 -9999.99 -9999.99 -9999.99 -9999.99 -9999.99 -9999.99 -9999.99 -9999.99 -9999.99 -9999.99 -9999.99 -9999.99 -9999.99 -9999.99 -9999.99 -9999.99 -9999.99 -9999.99 1.671855 2.04853 2.719661 3.173086
-9999.99 1.967781 2.636191 3.2191 3.339716 3.319749 2.401563 -9999.99 -9999.99 -9999.99 0.04290274 0.2309974 0.3028988 0.2073016 0.1814238 0.06794821 0.1063975 -9999.99 -9999.99 -9999.99 -9999.99 -9999.99 0.1473135 0.4973345 1.040995 0.5384939 -9999.99 -9999.99 -9999.99 -9999.99 -9999.99 -9999.99 -9999.99 -9999.99 -9999.99 -9999.99 -9999.99 -9999.99 -9999.99 -9999.99 -9999.99 -9999.99 -9999.99 -9999.99 -9999.99 -9999.99 -9999.99 -9999.99 -9999.99 -9999.99 -9999.99 -9999.99 1.3478 0.789473 1.132399 2.37563 1.619739 2.442147 3.292783 3.344545 3.344828 3.344828 3.342977
-9999.99 1.132373 2.403491 3.213195 3.339452 3.270862 2.459428 -9999.99 -9999.99 -9999.99 0.09702781 0.4492758 0.3037325 0.3510585 0.1469891 0.1199645 0.07670006 -9999.99 -9999.99 -9999.99 -9999.99 -9999.99 0.1421133 0.4979244 1.102186 0.8065017 0.112395 -9999.99 -9999.99 -9999.99 -9999.99 -9999.99 -9999.99 -9999.99 -9999.99 -9999.99 -9999.99 -9999.99 -9999.99 -9999.99 -9999.99 -9999.99 -9999.99 -9999.99 -9999.99 -9999.99 -9999.99 -9999.99 -9999.99 -9999.99 1.926924 2.704569 3.017721 2.558465 2.803563 3.256568 3.290903 3.341195 3.344828 3.344828 3.271782 3.23858 3.171346
-9999.99 0.4159544 1.78973 3.184341 3.344137 3.337933 2.387661 -9999.99 -9999.99 -9999.99 0.1569953 0.3817892 0.2279535 0.1867192 -9999.99 -9999.99 -9999.99 -9999.99 -9999.99 -9999.99 -9999.99 -9999.99 0.08122472 0.2403732 0.8890358 0.9029652 0.2268953 0.1014806 0.05456209 -9999.99 0.01014585 -9999.99 -9999.99 -9999.99 -9999.99 -9999.99 -9999.99 -9999.99 -9999.99 -9999.99 -9999.99 -9999.99 -9999.99 -9999.99 -9999.99 -9999.99 -9999.99 1.672414 2.437829 3.230533 3.292185 3.344828 3.342953 3.344828 3.344828 3.344828 3.33505 3.314542 3.243593 3.171787 3.079738 1.846055 2.297759
-9999.99 0.4134597 1.778882 3.195609 3.344828 3.133776 1.631098 0.1057386 -9999.99 0.0663733 0.1839765 0.2540031 0.154215 0.0877849 -9999.99 -9999.99 -9999.99 -9999.99 -9999.99 -9999.99 -9999.99 -9999.99 -9999.99 0.156107 0.6205852 1.241103 0.5364801 0.2432697 0.2308588 0.1850993 0.03741357 -9999.99 -9999.99 -9999.99 -9999.99 -9999.99 -9999.99 0.2809943 0.1659647 -9999.99 -9999.99 -9999.99 -9999.99 -9999.99 1.594525 2.486922 3.332215 3.344828 3.344828 3.344828 3.277504 3.344828 3.274436 3.313606 3.106239 3.248216 3.213023 3.156091 2.541391 1.934314 0.9036308 -9999.99 -9999.99
-9999.99 0.1670253 1.691131 3.205011 3.344828 3.043071 1.446204 -9999.99 -9999.99 0.1126975 0.2527797 0.3049422 0.3003087 0.1275891 -9999.99 0.05545344 0.1075225 0.1125802 -9999.99 -9999.99 0.4205601 0.3985418 0.2387235 0.1013856 0.578747 1.211842 0.9749255 0.726353 0.700514 0.5173334 0.1666184 0.06248075 0.04471506 -9999.99 -9999.99 -9999.99 -9999.99 0.3107563 0.1701207 0.3141637 0.4128509 1.073747 1.859635 2.84547 3.266939 3.344828 3.326436 3.3086 3.218915 2.342446 1.643506 1.685144 2.371734 2.947579 2.499548 2.758296 2.471448 2.332637 1.560488 0.6843233 -9999.99 -9999.99 -9999.99
-9999.99 -9999.99 1.266191 3.188331 3.344828 3.264883 1.826499 -9999.99 -9999.99 0.06689352 0.1530444 0.3089222 0.2549901 -9999.99 0.1044071 -9999.99 -9999.99 -9999.99 -9999.99 0.1329769 0.3363935 0.669401 0.232242 0.1712145 0.4827856 0.9075943 0.7787164 0.8317156 0.8723637 0.8646342 0.4203866 0.2179636 0.1233998 0.09406874 -9999.99 0.01749762 0.3259405 0.689255 0.1172239 0.760737 1.606699 2.722509 3.326668 3.335294 3.308283 3.247141 3.181166 2.793312 1.829606 1.93702 0.5689065 0.7247898 1.868932 2.649588 2.320257 1.609967 1.193877 0.9175106 0.5663767 -9999.99 -9999.99 -9999.99 -9999.99
-9999.99 -9999.99 1.246243 3.148968 3.344828 3.296632 2.328517 -9999.99 -9999.99 0.05500192 0.1871593 0.3097949 0.1678109 -9999.99 0.07298482 0.09225941 -9999.99 -9999.99 -9999.99 0.05334631 0.1468412 0.1787841 -9999.99 -9999.99 0.4114843 0.6868286 0.4426384 0.7381713 0.8398804 0.8541631 0.7744073 0.4022191 0.1720443 0.2573057 0.2179884 0.1131929 0.549071 1.06366 0.9639258 1.801599 3.039893 3.343783 3.338002 3.276191 3.183665 3.089092 2.499714 2.075295 1.648561 2.770824 1.71799 1.784208 2.070713 1.952244 1.507117 0.4567493 -9999.99 -9999.99 -9999.99 -9999.99 -9999.99 -9999.99 -9999.99
-9999.99 0.1997224 1.574237 3.13611 3.340617 3.300757 2.475504 0.1715314 -9999.99 0.04806939 0.3311541 0.3266944 0.1842046 0.0690067 0.1178754 0.1230986 0.08896273 0.02944061 0.04350297 0.05353408 0.07405661 0.07119247 -9999.99 -9999.99 0.06898327 -9999.99 0.1223849 0.4772746 0.9222337 1.026215 0.9582309 0.6215713 0.2771761 0.3522225 0.2840772 0.1148149 0.8947939 1.97015 2.599432 3.344828 3.340426 3.334881 3.281882 3.189268 3.081259 2.88293 2.164488 1.908535 1.86559 1.790045 1.409002 1.416515 1.088877 0.7395637 -9999.99 -9999.99 -9999.99 -9999.99 -9999.99 -9999.99 -9999.99 -9999.99 -9999.99
-9999.99 0.2757088 1.639926 3.116937 3.312497 3.326028 2.662067 0.6351429 0.1339676 0.1666906 0.2874016 0.2388578 0.164845 0.08640407 0.132863 -9999.99 0.1108414 0.02811172 0.07879495 0.1159522 -9999.99 -9999.99 -9999.99 -9999.99 -9999.99 -9999.99 -9999.99 -9999.99 0.5960095 1.125476 1.063144 0.8678509 0.7764931 0.683543 1.137886 1.780682 1.630106 2.963259 3.344828 3.302068 3.265599 3.248466 3.172457 3.080364 2.563194 2.170521 1.53877 1.260251 1.090464 0.6244823 0.3759411 -9999.99 -9999.99 -9999.99 -9999.99 -9999.99 -9999.99 -9999.99 -9999.99 -9999.99 -9999.99 -9999.99 -9999.99
-9999.99 0.8372816 1.658806 2.992959 3.271398 3.326028 2.98414 1.095886 0.183226 0.1375771 0.1853012 0.1377518 0.1455383 -9999.99 0.06376547 0.09389105 0.06749913 0.02811172 -9999.99 0.1365669 0.05476299 -9999.99 -9999.99 -9999.99 -9999.99 -9999.99 -9999.99 -9999.99 0.6606188 1.25388 1.378072 1.306616 1.271319 1.347705 1.702796 3.20117 2.857021 3.344828 3.273288 3.239721 3.171014 3.146602 2.844107 2.033526 1.220139 0.6086228 -9999.99 -9999.99 -9999.99 -9999.99 -9999.99 -9999.99 -9999.99 -9999.99 -9999.99 -9999.99 -9999.99 -9999.99 -9999.99 -9999.99 -9999.99 -9999.99 -9999.99
0.2723836 1.226143 1.740973 2.711913 3.245815 3.339341 3.233293 1.927957 0.4021134 0.09911513 0.1921938 0.1448662 0.1904102 0.1142522 0.04076501 0.07294837 -9999.99 -9999.99 -9999.99 0.02120333 0.02858796 0.09139527 -9999.99 -9999.99 -9999.99 -9999.99 0.1579798 0.4801061 0.9777681 1.381066 1.488567 1.479096 1.32098 1.693914 2.59794 3.314798 3.344828 3.318227 3.264559 3.190349 3.13067 2.703555 1.52982 0.5366982 -9999.99 -9999.99 -9999.99 -9999.99 -9999.99 -9999.99 -9999.99 -9999.99 -9999.99 -9999.99 -9999.99 -9999.99 -9999.99 -9999.99 -9999.99 -9999.99 -9999.99 -9999.99 -9999.99
-9999.99 0.6831848 1.120117 1.95329 3.27843 3.344828 3.251755 2.588811 0.7583478 0.2723215 0.1740903 0.1815134 0.1941518 0.1372425 0.04606488 0.1109704 -9999.99 0.04637987 -9999.99 0.05475435 0.02861707 0.03686922 -9999.99 -9999.99 0.01140732 -9999.99 0.3237475 1.049647 1.241805 1.409109 1.55419 1.774725 1.999387 2.179817 3.260147 3.344828 3.329779 3.287789 3.159369 3.094175 2.270106 0.9034938 -9999.99 -9999.99 -9999.99 -9999.99 -9999.99 -9999.99 -9999.99 -9999.99 -9999.99 -9999.99 -9999.99 -9999.99 -9999.99 -9999.99 -9999.99 -9999.99 -9999.99 -9999.99 -9999.99 -9999.99 -9999.99
-9999.99 0.1365461 -9999.99 1.052081 3.253814 3.344828 3.288254 2.864647 1.572444 0.7366072 0.4490104 0.2968076 0.1413294 0.07617547 -9999.99 0.04077026 0.09131049 0.02080032 -9999.99 0.02188289 0.08582367 0.05712789 0.04833384 0.08732257 0.06744613 0.1423678 0.74882 1.476606 1.28148 1.321423 1.53079 2.197251 2.80977 3.261632 3.344828 3.344828 2.979654 2.776208 1.949038 1.29412 -9999.99 -9999.99 -9999.99 -9999.99 -9999.99 -9999.99 -9999.99 -9999.99 -9999.99 -9999.99 -9999.99 -9999.99 -9999.99 -9999.99 -9999.99 -9999.99 -9999.99 -9999.99 -9999.99 -9999.99 -9999.99 -9999.99 -9999.99
-9999.99 -9999.99 -9999.99 -9999.99 2.548702 3.344828 3.312135 3.122477 2.381791 1.496856 1.064869 0.8918295 0.5562074 0.2264642 -9999.99 -9999.99 0.1186115 0.06647346 -9999.99 0.04095021 0.1125076 0.1108488 0.06886576 0.1422911 0.1326401 0.2538585 0.9149486 1.443117 1.159997 1.470075 2.076733 2.985711 3.312701 3.344828 3.344828 2.817017 2.015643 1.391338 0.4883998 -9999.99 -9999.99 -9999.99 -9999.99 -9999.99 -9999.99 -9999.99 -9999.99 -9999.99 -9999.99 -9999.99 -9999.99 -9999.99 -9999.99 -9999.99 -9999.99 -9999.99 -9999.99 -9999.99 -9999.99 -9999.99 -9999.99 -9999.99 -9999.99
-9999.99 -9999.99 -9999.99 -9999.99 1.198565 3.344828 3.329082 3.21342 3.061373 2.319841 1.784271 1.551772 1.363581 0.9337706 0.3921726 0.05418428 0.1186115 0.1290298 -9999.99 -9999.99 0.142465 0.1301119 0.06212714 0.07733709 0.09480551 0.2147522 0.7553094 1.29591 1.129879 1.625215 3.139761 3.339968 3.29233 3.238644 2.312862 1.846059 1.211426 0.841662 0.2266156 -9999.99 -9999.99 -9999.99 -9999.99 -9999.99 -9999.99 -9999.99 -9999.99 -9999.99 -9999.99 -9999.99 -9999.99 -9999.99 -9999.99 -9999.99 -9999.99 -9999.99 -9999.99 -9999.99 -9999.99 -9999.99 -9999.99 -9999.99 -9999.99
-9999.99 -9999.99 -9999.99 -9999.99 -9999.99 2.997871 3.329082 3.278088 3.171779 3.069599 2.712157 2.407997 2.199367 1.82016 1.303983 0.4443566 -9999.99 -9999.99 -9999.99 -9999.99 0.1576692 0.1151515 0.1491266 0.07640582 0.1181523 0.2871762 0.9326879 1.10896 1.382736 2.736425 3.344828 3.344828 3.213934 2.119452 1.352808 1.25268 1.101861 0.6613687 -9999.99 -9999.99 -9999.99 -9999.99 -9999.99 -9999.99 -9999.99 -9999.99 -9999.99 -9999.99 -9999.99 -9999.99 -9999.99 -9999.99 -9999.99 -9999.99 -9999.99 -9999.99 -9999.99 -9999.99 -9999.99 -9999.99 -9999.99 -9999.99 -9999.99
-9999.99 -9999.99 -9999.99 -9999.99 -9999.99 1.771943 3.302812 3.309935 3.255809 3.217019 3.170757 3.091007 2.965993 2.756851 2.392809 1.807496 0.5313207 0.2069377 0.04771301 -9999.99 0.1669927 0.08394425 0.1100069 0.1065186 0.2033608 0.5432568 1.025447 0.9869223 1.469511 3.278979 3.344828 3.233569 2.871043 1.565776 1.541069 1.325263 1.27366 0.6664804 -9999.99 -9999.99 -9999.99 -9999.99 -9999.99 -9999.99 -9999.99 -9999.99 -9999.99 -9999.99 -9999.99 -9999.99 -9999.99 -9999.99 -9999.99 -9999.99 -9999.99 -9999.99 -9999.99 -9999.99 -9999.99 -9999.99 -9999.99 -9999.99 -9999.99
-9999.99 -9999.99 -9999.99 -9999.99 -9999.99 -9999.99 2.416787 3.344828 3.327416 3.307132 3.315116 3.265371 3.192294 3.144728 3.064587 3.013241 2.219018 1.084229 0.3366787 -9999.99 0.1177958 0.09348901 0.08648372 0.1177408 0.3610412 0.7860075 0.9886466 1.406423 2.700992 3.344828 3.308984 2.944572 2.395472 1.452271 1.239575 1.546377 1.533057 0.4120592 -9999.99 -9999.99 -9999.99 -9999.99 -9999.99 -9999.99 -9999.99 -9999.99 -9999.99 -9999.99 -9999.99 -9999.99 -9999.99 -9999.99 -9999.99 -9999.99 -9999.99 -9999.99 -9999.99 -9999.99 -9999.99 -9999.99 -9999.99 -9999.99 -9999.99
-9999.99 -9999.99 -9999.99 -9999.99 -9999.99 -9999.99 0.8274734 1.673664 2.439338 3.282907 3.34418 3.328593 3.317808 3.29058 3.27003 3.276925 3.237654 2.764047 1.481821 0.334337 0.1637963 0.1546195 0.2440933 0.2477075 0.5577517 0.8421595 0.8630278 1.449148 3.290249 3.344828 3.24512 2.857216 1.845263 1.066494 1.746812 2.425267 1.378724 -9999.99 -9999.99 -9999.99 -9999.99 -9999.99 -9999.99 -9999.99 -9999.99 -9999.99 -9999.99 -9999.99 -9999.99 -9999.99 -9999.99 -9999.99 -9999.99 -9999.99 -9999.99 -9999.99 -9999.99 -9999.99 -9999.99 -9999.99 -9999.99 -9999.99 -9999.99
-9999.99 -9999.99 -9999.99 -9999.99 -9999.99 -9999.99 -9999.99 -9999.99 0.766924 1.549943 2.445478 3.221131 3.272648 3.296622 3.330547 3.344828 3.344828 3.332231 2.480635 0.5314667 0.3083352 0.1683459 0.2723555 0.3671799 0.6927413 0.8559943 0.8302012 1.45102 3.271328 3.329425 3.219606 2.779722 1.576568 1.032667 1.113794 1.266008 1.075572 -9999.99 -9999.99 -9999.99 -9999.99 -9999.99 -9999.99 -9999.99 -9999.99 -9999.99 -9999.99 -9999.99 -9999.99 -9999.99 -9999.99 -9999.99 -9999.99 -9999.99 -9999.99 -9999.99 -9999.99 -9999.99 -9999.99 -9999.99 -9999.99 -9999.99 -9999.99
-9999.99 -9999.99 -9999.99 -9999.99 -9999.99 -9999.99 -9999.99 -9999.99 -9999.99 -9999.99 0.7730647 1.564764 1.803969 2.161342 2.544978 3.02608 3.310503 3.344828 3.339049 1.899318 0.2637437 0.1175336 0.2476324 0.4262377 0.6802884 0.760965 0.7574738 1.320853 3.199457 3.329425 3.263648 2.975806 2.032178 0.8186142 0.6131845 0.3629311 0.6978853 -9999.99 -9999.99 -9999.99 -9999.99 -9999.99 -9999.99 -9999.99 -9999.99 -9999.99 -9999.99 -9999.99 -9999.99 -9999.99 -9999.99 -9999.99 -9999.99 -9999.99 -9999.99 -9999.99 -9999.99 -9999.99 -9999.99 -9999.99 -9999.99 -9999.99 -9999.99
-9999.99 -9999.99 -9999.99 -9999.99 -9999.99 -9999.99 -9999.99 -9999.99 -9999.99 -9999.99 -9999.99 -9999.99 -9999.99 0.6185827 1.1619 2.183917 3.165043 3.302543 3.344828 2.506915 -9999.99 0.113173 0.2571258 0.438736 0.6493996 0.7029806 0.6419457 1.224585 2.834081 3.344828 3.294802 3.177683 2.462524 1.132306 0.367768 0.2017809 0.3290551 -9999.99 -9999.99 -9999.99 -9999.99 -9999.99 -9999.99 -9999.99 -9999.99 -9999.99 -9999.99 -9999.99 -9999.99 -9999.99 -9999.99 -9999.99 -9999.99 -9999.99 -9999.99 -9999.99 -9999.99 -9999.99 -9999.99 -9999.99 -9999.99 -9999.99 -9999.99
-9999.99 -9999.99 -9999.99 -9999.99 -9999.99 -9999.99 -9999.99 -9999.99 -9999.99 -9999.99 -9999.99 -9999.99 -9999.99 0.201254 0.6298534 1.349619 2.535072 3.184443 3.344828 2.518604 -9999.99 0.4469209 0.1601535 0.3972541 0.6961297 0.8231124 0.6162867 0.6907596 1.46949 3.309178 3.344828 3.278867 3.158935 1.829621 0.5508348 0.0805762 -9999.99 -9999.99 -9999.99 -9999.99 -9999.99 -9999.99 -9999.99 -9999.99 -9999.99 -9999.99 -9999.99 -9999.99 -9999.99 -9999.99 -9999.99 -9999.99 -9999.99 -9999.99 -9999.99 -9999.99 -9999.99 -9999.99 -9999.99 -9999.99 -9999.99 -9999.99 -9999.99
-9999.99 -9999.99 -9999.99 -9999.99 -9999.99 -9999.99 -9999.99 -9999.99 -9999.99 -9999.99 -9999.99 -9999.99 -9999.99 0.1147834 0.3249209 0.5189332 1.437465 3.180803 3.344828 2.942396 1.060055 0.492544 -9999.99 0.4351616 0.6702797 0.8132606 0.69441 0.365376 0.8262349 3.023022 3.294449 3.344828 3.29235 2.637394 0.542991 -9999.99 -9999.99 -9999.99 -9999.99 -9999.99 -9999.99 -9999.99 -9999.99 -9999.99 -9999.99 -9999.99 -9999.99 -9999.99 -9999.99 -9999.99 -9999.99 -9999.99 -9999.99 -9999.99 -9999.99 -9999.99 -9999.99 -9999.99 -9999.99 -9999.99 -9999.99 -9999.99 -9999.99
-9999.99 -9999.99 -9999.99 -9999.99 -9999.99 -9999.99 -9999.99 -9999.99 -9999.99 -9999.99 -9999.99 -9999.99 -9999.99 0.07837192 0.1481806 0.4389174 1.574793 3.185264 3.344828 2.942396 0.5187925 0.2253341 0.1433125 0.4139927 0.6341602 0.7833055 0.683264 0.3334439 0.71024 2.143117 3.245682 3.344828 3.344828 2.671604 -9999.99 -9999.99 -9999.99 -9999.99 -9999.99 -9999.99 -9999.99 -9999.99 -9999.99 -9999.99 -9999.99 -9999.99 -9999.99 -9999.99 -9999.99 -9999.99 -9999.99 -9999.99 -9999.99 -9999.99 -9999.99 -9999.99 -9999.99 -9999.99 -9999.99 -9999.99 -9999.99 -9999.99 -9999.99
-9999.99 -9999.99 -9999.99 -9999.99 -9999.99 -9999.99 -9999.99 -9999.99 -9999.99 -9999.99 -9999.99 -9999.99 0.02419908 0.0252554 0.03734694 0.3214438 1.932826 3.23349 3.34417 2.518612 -9999.99 0.1205555 0.311699 0.4559643 0.6889983 0.723881 0.6028048 0.2414601 0.218564 1.189042 2.074021 3.297268 3.344828 2.768219 -9999.99 -9999.99 -9999.99 -9999.99 -9999.99 -9999.99 -9999.99 -9999.99 -9999.99 -9999.99 -9999.99 -9999.99 -9999.99 -9999.99 -9999.99 -9999.99 -9999.99 -9999.99 -9999.99 -9999.99 -9999.99 -9999.99 -9999.99 -9999.99 -9999.99 -9999.99 -9999.99 -9999.99 -9999.99
-9999.99 -9999.99 -9999.99 -9999.99 -9999.99 -9999.99 -9999.99 -9999.99 -9999.99 -9999.99 -9999.99 -9999.99 0.01592818 -9999.99 0.03915452 0.7495887 2.336298 3.3152 3.34417 2.518916 -9999.99 0.2223755 0.460423 0.6150371 0.6854353 0.6812732 0.4954079 0.1802611 0.2052041 0.6879715 1.40825 3.21883 3.339478 2.416994 -9999.99 -9999.99 -9999.99 -9999.99 -9999.99 -9999.99 -9999.99 -9999.99 -9999.99 -9999.99 -9999.99 -9999.99 -9999.99 -9999.99 -9999.99 -9999.99 -9999.99 -9999.99 -9999.99 -9999.99 -9999.99 -9999.99 -9999.99 -9999.99 -9999.99 -9999.99 -9999.99 -9999.99 -9999.99
