results/design/2d/grids/WWD_10m_100yr_2Hr_012_Haz.asc
ncols 214
nrows 366
xllcorner 208787.472
yllcorner 7383120
cellsize 10
nodata_value -9999.99
[rows 196 to 223 of 366, columns 63 to 125 of 214]
-9999.99 -9999.99 -9999.99 -9999.99 -9999.99 -9999.99 -9999.99 -9999.99 -9999.99 -9999.99 -9999.99 -9999.99 -9999.99 -9999.99 -9999.99 -9999.99 -9999.99 -9999.99 -9999.99 -9999.99 -9999.99 -9999.99 -9999.99 -9999.99 -9999.99 0.1608064 0.3837179 0.8770748 1.144688 1.990362 2.694627 1.933467 -9999.99 -9999.99 -9999.99 -9999.99 -9999.99 -9999.99 -9999.99 -9999.99 0.3667624 0.8250372 1.156296 1.285677 0.9477558 0.2909744 0.8973841 1.582113 1.745782 2.174058 3.072275 3.209023 3.130268 3.095863 3.060538 2.777584 1.714792 1.382216 1.391963 1.253545 1.063516 0.8276994 0.889393
-9999.99 -9999.99 -9999.99 -9999.99 -9999.99 -9999.99 -9999.99 -9999.99 -9999.99 -9999.99 -9999.99 -9999.99 -9999.99 -9999.99 -9999.99 -9999.99 -9999.99 -9999.99 -9999.99 -9999.99 -9999.99 -9999.99 -9999.99 -9999.99 0.07087692 0.2537828 0.4473742 0.7821561 1.134157 1.657808 2.864956 -9999.99 -9999.99 -9999.99 -9999.99 -9999.99 -9999.99 -9999.99 -9999.99 0.08402537 0.3697425 0.8502194 1.205488 1.463099 1.170013 0.4387543 0.9494273 1.678608 1.823985 2.48 3.090595 3.199254 3.119471 3.107604 3.050793 2.586237 1.1408 1.031926 0.9948525 1.015306 0.942501 0.7167668 0.6794185
-9999.99 -9999.99 -9999.99 -9999.99 -9999.99 -9999.99 -9999.99 -9999.99 -9999.99 -9999.99 -9999.99 -9999.99 -9999.99 -9999.99 -9999.99 -9999.99 -9999.99 -9999.99 -9999.99 -9999.99 -9999.99 -9999.99 0.0128748 0.03142901 0.1120172 0.3255508 0.6347139 0.9384361 1.269183 2.015899 3.296822 -9999.99 -9999.99 -9999.99 -9999.99 0.302337 -9999.99 -9999.99 -9999.99 0.2048077 0.6036942 1.173054 1.32116 1.453656 1.200173 0.5611935 0.9978257 1.744362 2.106193 2.791464 3.100549 3.154981 3.135403 3.119571 3.066667 2.311939 0.9781427 0.5561985 0.5581943 0.7356257 0.6782976 0.4750318 0.4428306
-9999.99 -9999.99 -9999.99 -9999.99 -9999.99 -9999.99 -9999.99 -9999.99 -9999.99 -9999.99 -9999.99 -9999.99 -9999.99 -9999.99 -9999.99 -9999.99 -9999.99 -9999.99 -9999.99 -9999.99 -9999.99 -9999.99 0.03436454 0.1149341 0.4952353 0.8389341 0.9513397 1.188164 1.470401 -9999.99 2.42641 2.56908 -9999.99 -9999.99 0.3559571 0.8383346 -9999.99 0.2067538 0.4060373 0.6512838 1.061652 1.349521 1.364185 1.258322 0.8999123 0.6657446 1.047016 1.924355 2.395289 2.959098 3.116691 3.149682 3.153214 3.143854 2.833621 1.838502 0.8726563 0.3685863 0.3641788 0.3668082 0.2912032 0.2647464 0.161532
-9999.99 -9999.99 -9999.99 -9999.99 -9999.99 -9999.99 -9999.99 -9999.99 -9999.99 -9999.99 -9999.99 -9999.99 -9999.99 -9999.99 -9999.99 -9999.99 -9999.99 -9999.99 -9999.99 -9999.99 -9999.99 -9999.99 0.09049876 0.3021755 0.9406636 1.197025 1.272063 1.421215 -9999.99 -9999.99 -9999.99 2.651101 2.047962 1.055427 0.279005 0.4619466 0.421192 0.5097997 0.7894875 1.003394 1.237918 1.384248 1.436226 1.154426 0.794239 1.010929 1.557721 2.070349 2.649306 3.027042 3.151835 3.166614 3.162652 3.146413 2.79613 1.71714 0.9088638 0.2601154 0.1512464 0.07841729 -9999.99 0.1406351 0.05491114
-9999.99 -9999.99 -9999.99 -9999.99 -9999.99 -9999.99 -9999.99 -9999.99 -9999.99 -9999.99 -9999.99 -9999.99 -9999.99 -9999.99 -9999.99 -9999.99 -9999.99 -9999.99 -9999.99 -9999.99 -9999.99 0.0359784 0.1425565 0.4735413 1.079276 1.302202 1.533645 -9999.99 -9999.99 -9999.99 -9999.99 1.434401 2.327409 0.3881173 0.1660019 0.2786504 0.597751 0.6950051 0.9243395 1.096689 1.324762 1.455972 1.461783 1.024136 0.5303695 1.130215 1.86253 2.41161 2.862746 3.144563 3.185356 3.193209 3.129847 3.09419 2.733817 1.631112 0.9409726 0.1567141 0.06662422 -9999.99 -9999.99 -9999.99 -9999.99
-9999.99 -9999.99 -9999.99 -9999.99 -9999.99 -9999.99 -9999.99 -9999.99 -9999.99 -9999.99 -9999.99 -9999.99 -9999.99 -9999.99 -9999.99 -9999.99 -9999.99 -9999.99 -9999.99 -9999.99 0.03589519 0.1117589 0.2541244 0.857228 1.138033 1.513288 -9999.99 -9999.99 -9999.99 -9999.99 -9999.99 0.7493035 1.874526 0.4128575 0.3030642 0.4532883 0.7079162 0.7841242 0.8827062 1.079529 1.341193 1.493406 1.493869 1.170499 0.6037194 1.201161 2.424505 2.860321 3.14595 3.201813 3.195606 3.196006 3.125454 3.12166 2.363653 1.493845 0.7871556 0.1775805 -9999.99 -9999.99 -9999.99 -9999.99 -9999.99
-9999.99 -9999.99 -9999.99 -9999.99 -9999.99 -9999.99 -9999.99 -9999.99 -9999.99 -9999.99 -9999.99 -9999.99 -9999.99 -9999.99 -9999.99 -9999.99 -9999.99 -9999.99 -9999.99 -9999.99 0.1023797 0.2201772 0.8606489 1.132558 1.266429 1.193143 -9999.99 -9999.99 -9999.99 -9999.99 -9999.99 0.3077706 1.021707 1.127002 0.7977324 0.7368219 0.855727 0.9703124 1.097179 1.327614 1.537175 1.532658 1.560037 1.34146 0.6533278 1.429156 3.129723 3.216491 3.202763 3.191208 3.168424 3.141844 3.139515 2.679199 1.439022 1.191106 0.6022903 0.2445619 -9999.99 -9999.99 -9999.99 -9999.99 -9999.99
-9999.99 -9999.99 -9999.99 -9999.99 -9999.99 -9999.99 -9999.99 -9999.99 -9999.99 -9999.99 -9999.99 -9999.99 -9999.99 -9999.99 -9999.99 -9999.99 -9999.99 -9999.99 -9999.99 0.05433733 0.2234616 0.50033 1.204015 1.304514 1.465935 -9999.99 -9999.99 -9999.99 -9999.99 -9999.99 -9999.99 0.3874389 1.244513 1.727558 1.365399 1.018471 1.101795 1.301251 1.468269 1.692263 1.851161 1.864958 2.177018 2.416339 1.862361 2.65253 3.296878 3.22695 3.19425 3.179653 3.129526 3.08642 2.403671 2.049427 1.075833 0.9614069 0.7649158 0.3795906 0.08739942 -9999.99 -9999.99 -9999.99 -9999.99
-9999.99 -9999.99 -9999.99 -9999.99 -9999.99 -9999.99 -9999.99 -9999.99 -9999.99 -9999.99 -9999.99 -9999.99 -9999.99 -9999.99 -9999.99 -9999.99 -9999.99 -9999.99 0.05158702 0.2348143 0.4990267 0.9366161 1.278893 1.466402 -9999.99 -9999.99 -9999.99 -9999.99 -9999.99 -9999.99 -9999.99 0.4416539 0.7843176 1.257207 1.68806 1.509333 1.336638 1.588566 1.789519 2.18048 2.501876 2.707591 3.109212 3.21802 3.247026 3.303516 3.296011 3.182201 3.140845 3.088677 2.578223 2.334215 1.627178 1.220666 0.9714842 1.040012 0.6546791 0.3611356 0.1742394 -9999.99 -9999.99 -9999.99 -9999.99
-9999.99 -9999.99 -9999.99 -9999.99 -9999.99 -9999.99 -9999.99 -9999.99 -9999.99 -9999.99 -9999.99 -9999.99 -9999.99 -9999.99 -9999.99 -9999.99 -9999.99 0.05523662 0.1788539 0.3924785 0.9300899 1.291152 1.553618 -9999.99 -9999.99 -9999.99 -9999.99 -9999.99 -9999.99 -9999.99 -9999.99 0.2066327 0.4277685 1.006467 1.5529 1.6586 1.361906 1.742146 2.070903 2.589877 3.157769 3.280769 3.339817 3.343119 3.344828 3.333364 3.177164 3.074183 2.773939 2.386132 1.687703 1.492265 1.172359 0.5395408 0.739742 0.6724465 0.3808784 0.2956149 0.1777882 -9999.99 -9999.99 -9999.99 -9999.99
-9999.99 -9999.99 -9999.99 -9999.99 -9999.99 -9999.99 -9999.99 -9999.99 -9999.99 -9999.99 -9999.99 -9999.99 -9999.99 -9999.99 -9999.99 -9999.99 0.06089006 0.3463938 0.6919816 1.015766 1.232914 1.48083 -9999.99 -9999.99 -9999.99 -9999.99 -9999.99 -9999.99 -9999.99 -9999.99 -9999.99 -9999.99 0.5290032 1.070766 1.644726 1.876457 1.808361 2.130743 2.696152 3.230626 3.322756 3.344828 3.211438 2.354075 2.94271 3.207759 2.821112 2.431218 2.183198 1.673218 1.35335 1.171657 1.041572 0.5296369 0.719987 0.284557 0.2729733 0.1041896 0.1276996 -9999.99 -9999.99 -9999.99 -9999.99
-9999.99 -9999.99 -9999.99 -9999.99 -9999.99 -9999.99 -9999.99 -9999.99 -9999.99 -9999.99 -9999.99 -9999.99 -9999.99 -9999.99 -9999.99 0.0571226 0.1473965 0.8374546 1.225785 1.350123 1.409479 -9999.99 -9999.99 -9999.99 -9999.99 -9999.99 -9999.99 -9999.99 -9999.99 -9999.99 -9999.99 -9999.99 0.4818421 1.135457 1.77208 2.041572 2.578576 2.792037 3.224917 3.336599 3.344828 2.916105 2.013505 1.139539 1.77485 2.499614 2.463843 1.927842 1.740529 1.430023 1.249019 1.060558 1.056811 1.00939 1.015097 0.4539247 0.2859075 0.08688067 0.04881205 0.01079417 0.007021988 -9999.99 -9999.99
-9999.99 -9999.99 -9999.99 -9999.99 -9999.99 -9999.99 -9999.99 -9999.99 -9999.99 -9999.99 -9999.99 -9999.99 -9999.99 -9999.99 0.03850345 0.1402808 0.8477116 1.195181 1.351132 1.464563 -9999.99 -9999.99 -9999.99 -9999.99 -9999.99 -9999.99 -9999.99 -9999.99 -9999.99 -9999.99 -9999.99 -9999.99 0.4667931 1.212971 2.182177 2.716867 2.981764 3.171645 3.323875 3.289585 3.006089 2.356744 1.558806 1.063482 1.21131 1.936818 1.913668 1.859299 1.710815 1.524858 1.38836 1.264708 1.193504 1.177677 1.177936 0.9890426 0.7811269 0.6922463 0.6548135 0.2986687 0.03890534 0.01556422 -9999.99
-9999.99 -9999.99 -9999.99 -9999.99 -9999.99 -9999.99 -9999.99 -9999.99 -9999.99 -9999.99 -9999.99 -9999.99 -9999.99 0.03760494 0.1513344 0.8504283 1.190257 1.315947 1.453961 1.176987 -9999.99 -9999.99 -9999.99 -9999.99 -9999.99 -9999.99 -9999.99 -9999.99 -9999.99 -9999.99 -9999.99 0.09186076 0.4734972 1.178849 2.185959 3.058258 3.141137 3.294487 3.272159 3.165921 2.63242 2.002892 1.849001 1.186441 1.128739 1.567144 1.577028 1.624937 1.686857 1.647297 1.542309 1.497035 1.42861 1.415637 1.39102 1.317935 1.305498 1.258271 1.208025 1.089564 0.5881178 0.3440522 0.09643552
-9999.99 -9999.99 -9999.99 -9999.99 -9999.99 -9999.99 -9999.99 -9999.99 -9999.99 -9999.99 -9999.99 -9999.99 0.1198943 0.2827336 0.4597369 1.135555 1.284299 1.409714 1.56992 -9999.99 -9999.99 -9999.99 -9999.99 -9999.99 -9999.99 -9999.99 -9999.99 -9999.99 -9999.99 -9999.99 -9999.99 0.1392887 0.5079151 1.029809 1.846212 3.140643 3.256548 3.323305 3.245398 2.77281 2.18611 1.703483 1.64455 0.5733439 1.082429 1.49244 1.467721 1.481055 1.594425 1.619532 1.584624 1.52045 1.484254 1.391284 1.32165 1.278564 1.238351 1.161213 0.6383609 0.5808596 0.5648519 0.3290771 0.05062129
-9999.99 -9999.99 -9999.99 -9999.99 -9999.99 -9999.99 -9999.99 -9999.99 -9999.99 -9999.99 -9999.99 0.03773758 0.179098 0.7476075 0.7533736 1.275536 1.409094 1.603395 -9999.99 -9999.99 -9999.99 -9999.99 -9999.99 -9999.99 -9999.99 -9999.99 -9999.99 -9999.99 -9999.99 -9999.99 -9999.99 0.1796696 0.6042149 1.556612 2.603579 3.208738 3.317658 3.285867 2.86272 2.310619 1.797441 1.73267 1.161788 0.5635765 1.034799 1.815749 1.644475 1.604402 1.609622 1.567193 1.450289 1.371943 1.26282 1.161858 0.9835065 0.7333154 0.6519825 0.5563954 0.0656961 0.04049871 0.008357323 -9999.99 -9999.99
-9999.99 -9999.99 -9999.99 -9999.99 -9999.99 -9999.99 -9999.99 -9999.99 -9999.99 0.03205423 0.07708918 0.1028503 0.8634952 1.145035 1.263924 1.4525 1.559159 -9999.99 -9999.99 -9999.99 -9999.99 -9999.99 -9999.99 -9999.99 -9999.99 -9999.99 -9999.99 -9999.99 -9999.99 -9999.99 -9999.99 0.4002964 0.9048377 1.947112 3.100152 3.313051 3.309103 3.198918 2.794704 1.958436 1.683581 1.231806 -9999.99 0.8406594 1.491606 1.795076 1.619994 1.606184 1.56338 1.495309 1.369125 1.285751 1.141266 0.9729701 0.6528276 0.3077182 0.1890688 0.05992187 0.02772627 -9999.99 -9999.99 -9999.99 -9999.99
-9999.99 -9999.99 -9999.99 -9999.99 -9999.99 -9999.99 -9999.99 -9999.99 -9999.99 0.04345768 0.3595714 0.8710318 1.228144 1.321208 1.441575 1.554846 1.199612 -9999.99 -9999.99 -9999.99 -9999.99 -9999.99 -9999.99 -9999.99 -9999.99 -9999.99 -9999.99 -9999.99 -9999.99 -9999.99 0.1159276 0.5366293 1.159195 2.284456 3.203899 3.341143 3.287712 2.873274 2.504357 1.920048 1.575147 1.192088 -9999.99 0.8505624 1.75567 1.76398 1.627488 1.612955 1.563882 1.487209 1.403911 1.27567 1.087072 0.814043 0.5836285 0.2986713 0.1340984 0.02204062 -9999.99 -9999.99 -9999.99 -9999.99 -9999.99
-9999.99 -9999.99 -9999.99 -9999.99 -9999.99 -9999.99 -9999.99 -9999.99 -9999.99 0.05735661 0.6204893 1.158602 1.304773 1.478488 -9999.99 -9999.99 -9999.99 -9999.99 -9999.99 -9999.99 -9999.99 -9999.99 -9999.99 -9999.99 -9999.99 -9999.99 -9999.99 -9999.99 -9999.99 -9999.99 0.1938406 0.7051376 1.703741 2.898412 3.303019 3.329731 3.14761 2.747153 1.953023 1.768493 1.475638 1.188444 -9999.99 0.7924988 1.74364 1.710491 1.613217 1.605657 1.556245 1.486355 1.383851 1.246937 0.9451709 0.3319789 0.4519217 0.2171144 0.08026966 0.01901436 -9999.99 -9999.99 -9999.99 -9999.99 -9999.99
-9999.99 -9999.99 -9999.99 -9999.99 -9999.99 -9999.99 -9999.99 -9999.99 0.02176434 0.2282559 1.039087 1.30414 1.490472 -9999.99 -9999.99 -9999.99 -9999.99 -9999.99 -9999.99 -9999.99 -9999.99 -9999.99 -9999.99 -9999.99 -9999.99 -9999.99 -9999.99 -9999.99 -9999.99 0.1392475 0.4354866 1.047511 2.620884 3.23558 3.344828 3.207556 2.754214 2.405063 1.758422 1.692428 1.538526 1.357892 0.1541886 0.7381394 1.730959 1.692304 1.593 1.595282 1.527594 1.443666 1.368024 1.238279 0.8648092 0.1607505 0.2012653 0.1233461 0.02485233 -9999.99 -9999.99 -9999.99 -9999.99 -9999.99 -9999.99
-9999.99 -9999.99 -9999.99 -9999.99 -9999.99 -9999.99 -9999.99 -9999.99 0.3825336 1.028641 1.359607 1.499624 -9999.99 -9999.99 -9999.99 -9999.99 -9999.99 -9999.99 -9999.99 -9999.99 -9999.99 -9999.99 -9999.99 -9999.99 -9999.99 -9999.99 -9999.99 -9999.99 -9999.99 0.3828955 0.7904951 1.829177 3.116505 3.316149 3.316369 2.971794 2.408928 1.847295 1.61003 1.562415 1.595499 1.45884 0.2451712 0.6878237 1.728795 1.665723 1.585978 1.581858 1.510552 1.425986 1.350369 1.211818 0.8889788 0.2113618 0.1320838 0.0618281 -9999.99 -9999.99 -9999.99 -9999.99 -9999.99 -9999.99 -9999.99
-9999.99 -9999.99 -9999.99 -9999.99 -9999.99 -9999.99 -9999.99 0.02555327 0.438692 1.367932 1.293937 -9999.99 -9999.99 -9999.99 -9999.99 -9999.99 -9999.99 -9999.99 -9999.99 0.2980027 0.3258115 -9999.99 -9999.99 -9999.99 -9999.99 -9999.99 -9999.99 -9999.99 0.1323306 0.5782652 1.5962 2.944302 3.295421 3.344828 3.174088 2.573327 2.235941 1.717073 1.442573 1.349033 1.535027 1.22597 0.1978114 0.6256189 1.695691 1.609147 1.590823 1.548013 1.497765 1.415841 1.282862 1.08646 0.4426123 0.1668268 0.0947774 -9999.99 -9999.99 -9999.99 -9999.99 -9999.99 -9999.99 -9999.99 -9999.99
-9999.99 -9999.99 -9999.99 -9999.99 -9999.99 -9999.99 -9999.99 0.003157921 0.3532571 0.5940592 -9999.99 -9999.99 -9999.99 -9999.99 -9999.99 -9999.99 -9999.99 -9999.99 -9999.99 -9999.99 0.9287203 0.6811734 0.2588788 0.2786339 -9999.99 -9999.99 -9999.99 0.150481 0.4054769 1.427276 2.724227 3.243407 3.340335 3.315877 2.920751 2.479566 1.910834 1.618794 1.424309 1.370862 1.495113 0.7435328 0.4717015 1.200839 1.648151 1.563346 1.543776 1.512976 1.419691 1.331294 1.150443 0.3976356 0.1321909 0.07237388 0.02406067 -9999.99 -9999.99 -9999.99 -9999.99 -9999.99 -9999.99 -9999.99 -9999.99
-9999.99 -9999.99 -9999.99 -9999.99 -9999.99 -9999.99 -9999.99 -9999.99 -9999.99 -9999.99 -9999.99 -9999.99 -9999.99 -9999.99 -9999.99 -9999.99 -9999.99 -9999.99 -9999.99 -9999.99 0.3435448 1.298219 0.8699123 1.172909 0.4399745 0.1848514 0.3263538 0.2880073 1.158034 2.67279 3.218534 3.327559 3.309611 2.843395 2.120325 2.277184 1.79082 1.438598 1.340025 1.348928 1.112684 -9999.99 0.4558771 1.556632 1.620308 1.534095 1.483811 1.433088 1.343669 1.194446 0.4390285 0.07871614 0.02148369 -9999.99 -9999.99 -9999.99 -9999.99 -9999.99 -9999.99 -9999.99 -9999.99 -9999.99 -9999.99
-9999.99 -9999.99 -9999.99 -9999.99 -9999.99 -9999.99 -9999.99 -9999.99 -9999.99 -9999.99 -9999.99 -9999.99 -9999.99 -9999.99 -9999.99 -9999.99 -9999.99 -9999.99 -9999.99 -9999.99 -9999.99 1.279971 1.348048 1.3788 1.291821 0.7076244 0.6276828 0.4756568 2.572983 3.185717 3.318489 3.282979 3.167162 2.792792 2.166972 1.868731 1.517282 1.266181 1.201808 1.159285 1.029857 -9999.99 0.4120439 1.586626 1.563399 1.469266 1.344237 1.347953 1.234876 0.8698587 0.104008 0.0322343 -9999.99 -9999.99 -9999.99 -9999.99 -9999.99 -9999.99 -9999.99 -9999.99 -9999.99 -9999.99 -9999.99
-9999.99 -9999.99 -9999.99 -9999.99 -9999.99 -9999.99 -9999.99 -9999.99 -9999.99 -9999.99 -9999.99 -9999.99 -9999.99 -9999.99 -9999.99 -9999.99 -9999.99 -9999.99 -9999.99 -9999.99 -9999.99 0.6329781 1.164286 1.436215 1.481684 1.37033 1.19361 1.335703 3.244278 3.292204 3.281271 3.205607 2.904582 2.361933 1.977634 1.709804 1.373295 1.2833 1.226506 1.189528 0.7498036 -9999.99 0.3724814 1.550118 1.514021 1.309889 1.144459 1.246565 1.168516 0.8186004 0.06046066 0.01722849 -9999.99 -9999.99 -9999.99 -9999.99 -9999.99 -9999.99 -9999.99 -9999.99 -9999.99 -9999.99 -9999.99
-9999.99 -9999.99 -9999.99 -9999.99 -9999.99 -9999.99 -9999.99 -9999.99 -9999.99 -9999.99 -9999.99 -9999.99 -9999.99 -9999.99 -9999.99 -9999.99 -9999.99 -9999.99 -9999.99 -9999.99 -9999.99 0.1939368 0.8346555 1.530985 1.67137 1.761476 2.129755 2.687265 3.266309 3.272513 3.232173 3.134265 2.772363 2.074726 1.658944 1.567216 1.430153 1.359697 1.258458 0.9042493 -9999.99 -9999.99 0.3499231 1.463138 1.411679 1.294341 1.176685 1.165582 1.086882 0.5750646 0.07452609 0.03256403 -9999.99 -9999.99 -9999.99 -9999.99 -9999.99 -9999.99 -9999.99 -9999.99 -9999.99 -9999.99 -9999.99
