results/design/2d/grids/WWD_10m_500yr_2Hr_012_Haz.asc
ncols 214
nrows 366
xllcorner 208787.472
yllcorner 7383120
cellsize 10
nodata_value -9999.99
[rows 224 to 251 of 366, columns 63 to 125 of 214]
-9999.99 -9999.99 -9999.99 1.085203 -9999.99 -9999.99 -9999.99 -9999.99 -9999.99 -9999.99 -9999.99 -9999.99 -9999.99 -9999.99 0.2321638 0.5338331 0.8714734 1.05892 1.187696 1.213034 1.317422 1.561852 2.009643 2.541319 2.95848 3.108163 3.174262 3.291922 3.344828 3.344828 3.32194 3.217748 3.06968 3.054794 3.022037 3.022386 2.962781 2.674501 2.364442 1.727923 1.239828 0.2628096 0.7140631 1.719503 1.591653 1.549246 1.421023 1.349345 1.313192 1.240204 1.099598 0.7304461 0.4314636 0.3119636 0.1849771 0.08418945 0.04065788 0.02255921 -9999.99 0.02443448 0.01641214 0.04465101 0.145424
-9999.99 -9999.99 0.3448578 -9999.99 -9999.99 -9999.99 -9999.99 -9999.99 -9999.99 -9999.99 -9999.99 -9999.99 -9999.99 0.2730333 0.6296887 0.8884374 1.221519 1.316465 1.504603 1.479198 1.551051 1.733771 2.520018 2.90785 3.119604 3.183467 3.261431 3.325908 3.338299 3.332073 3.289152 3.141671 3.034566 2.992486 3.007384 2.996183 2.889683 2.544439 2.148826 1.651457 0.8316391 0.5559184 1.310132 1.725486 1.494432 1.362514 1.220184 1.146601 0.9801529 1.069463 0.9084035 0.5870856 0.4389106 0.3353227 0.302756 0.1821509 0.113881 0.0623465 -9999.99 0.02568448 -9999.99 -9999.99 -9999.99
-9999.99 -9999.99 -9999.99 -9999.99 -9999.99 -9999.99 -9999.99 -9999.99 -9999.99 -9999.99 -9999.99 -9999.99 0.3466371 0.6824334 1.013236 1.331879 1.571206 1.730486 2.037611 1.946471 2.071441 2.650656 3.056127 3.187156 3.23508 3.248706 3.304943 3.320836 3.335029 3.327903 3.146517 2.882619 2.92873 2.883942 2.977672 2.967339 2.853524 2.359498 1.849992 1.08265 -9999.99 0.5395731 1.664569 1.662396 1.276954 0.9484006 0.8487946 0.4512969 0.2976387 0.673879 0.473738 0.3680226 0.3884885 0.3392709 0.4141651 0.2990379 0.1818476 0.140287 0.1434455 0.1420248 0.1034176 0.07603018 0.1216252
-9999.99 -9999.99 -9999.99 -9999.99 -9999.99 -9999.99 -9999.99 -9999.99 -9999.99 -9999.99 -9999.99 0.2289605 0.6951009 1.043596 1.386894 1.677598 2.004813 2.374045 2.62389 2.762988 2.801011 3.226244 3.287199 3.289536 3.279452 3.292746 3.317249 3.323678 3.338648 3.289362 2.880938 2.631401 2.862251 2.929972 2.981259 2.853106 2.621687 1.948807 1.513427 0.6671159 -9999.99 0.5534102 1.734265 1.543902 1.126676 0.7500498 0.5645678 0.2302745 0.2518382 0.3071125 0.2026723 0.1848115 0.2045455 0.351068 0.4580603 0.3934014 0.2379391 0.1614013 0.2403294 0.2820642 0.2896497 0.1944989 0.1925934
-9999.99 -9999.99 -9999.99 -9999.99 -9999.99 -9999.99 -9999.99 -9999.99 -9999.99 -9999.99 -9999.99 0.5208523 1.023398 1.415721 1.870369 2.347159 2.576854 2.857375 3.031379 3.124591 3.286048 3.344828 3.344828 3.328024 3.315154 3.32247 3.331996 3.341289 3.344828 3.025227 2.693039 2.62502 2.956834 3.005268 2.936259 2.715971 2.223887 1.676954 1.151455 0.397009 -9999.99 0.6035751 1.799395 1.484951 1.161623 0.8483106 0.5921871 0.2456552 0.3127463 0.2808461 0.1175852 0.1151435 0.1815619 0.1791956 0.2810832 0.3474724 0.347825 0.2364991 0.233997 0.2740534 0.2350805 0.2034635 0.1303185
-9999.99 -9999.99 -9999.99 -9999.99 -9999.99 -9999.99 -9999.99 -9999.99 -9999.99 -9999.99 0.4220068 1.035016 1.562025 2.123292 2.650445 2.882933 3.001405 3.10699 3.166306 3.258393 3.344828 3.336744 3.331469 3.339428 3.344828 3.344828 3.344828 3.220251 2.980014 2.662947 2.780731 2.805785 3.004839 3.00836 2.741791 2.319355 1.804309 1.366013 0.8712592 0.6532213 -9999.99 0.5370064 1.714645 1.382578 1.087743 0.858856 0.5530066 0.2825624 0.3023202 0.1980061 0.1016036 0.1083915 -9999.99 -9999.99 0.1680155 0.1769431 0.2420243 0.293519 0.2620245 0.250546 0.1606737 0.1636695 0.1771387
-9999.99 -9999.99 -9999.99 -9999.99 -9999.99 -9999.99 -9999.99 -9999.99 -9999.99 0.5313951 0.9929276 1.542347 2.322158 2.862168 3.042059 3.107136 3.138557 3.178097 3.235382 3.333986 3.340831 3.305085 3.277473 3.25563 3.24281 3.213258 3.18422 3.051761 2.811383 2.715791 2.789821 2.885661 3.011587 2.831501 2.229394 1.888432 1.471264 1.048593 0.7447261 0.7028695 0.07020266 0.4802212 1.554081 1.292287 0.9889399 0.5526305 0.3487105 0.3103056 0.2481047 0.2305045 0.1665432 0.1022194 0.06728241 0.07437613 0.2075377 0.2368625 0.2097202 0.1821335 0.2438726 0.2127344 0.1621172 0.1948245 0.2043924
-9999.99 -9999.99 -9999.99 -9999.99 -9999.99 -9999.99 -9999.99 -9999.99 0.4852536 1.403551 2.026519 2.618041 3.022246 3.147934 3.187711 3.191007 3.2087 3.245089 3.311611 3.344828 3.331105 3.237358 3.17674 3.131224 3.092456 3.062814 3.035841 3.029739 2.957891 2.919317 2.919885 2.962172 2.908112 2.230301 1.824605 1.530781 1.210907 0.6102865 0.4203116 0.5849728 0.05594278 0.4759757 1.530147 1.266262 0.8935376 0.4573417 0.4022395 0.3836139 0.2522333 0.3654383 0.3212251 0.2525024 0.2821914 0.3048107 -9999.99 0.3492663 0.2331086 0.2335556 0.2027867 0.1542367 0.1517794 0.1143256 0.1144702
-9999.99 -9999.99 -9999.99 -9999.99 -9999.99 -9999.99 -9999.99 0.9349235 1.984278 2.631916 3.125022 3.229104 3.264566 3.284707 3.292778 3.282754 3.297678 3.321179 3.340149 3.344828 3.243267 3.142585 3.109732 3.084646 3.059565 3.038746 3.023261 3.031556 2.809008 2.875885 2.873594 2.984045 2.383799 1.765318 1.391702 1.136418 0.6895343 0.1986814 0.376796 0.3805517 0.3415887 1.031938 1.514993 1.1712 0.9274083 0.56102 0.5140613 0.384586 0.1973017 0.3803919 0.2772226 0.3591695 0.4304496 0.4703031 0.355916 0.3603456 0.2357979 0.2456674 0.2884572 0.2180039 0.2012844 0.1482112 0.0172908
-9999.99 -9999.99 -9999.99 -9999.99 -9999.99 -9999.99 0.7049326 2.083142 3.202501 3.304981 3.344828 3.344828 3.344828 3.344828 3.344828 3.344828 3.344828 3.344828 3.342794 3.223488 3.12004 3.076875 3.062853 3.064124 3.039363 3.001235 2.809636 2.747502 2.609435 2.887815 2.775753 2.302383 1.684614 1.07629 0.6793543 0.616402 0.4580927 0.3231929 -9999.99 -9999.99 0.3702292 1.316556 1.369545 0.9753141 0.6604804 0.4839059 0.5304555 0.5038354 0.3798322 0.1865049 0.1924573 0.318562 0.4388271 0.480928 0.3198074 0.2168185 0.1518804 0.1368597 0.3522417 0.4066598 0.4098735 0.3928523 0.2004432
-9999.99 -9999.99 -9999.99 -9999.99 -9999.99 -9999.99 1.639082 3.323469 3.344828 3.344828 3.344828 3.344828 3.344828 3.344828 3.344828 3.344828 3.344828 3.244222 3.212643 3.106895 3.065149 3.050118 3.033988 2.790063 2.907871 2.807966 2.708842 2.757559 2.879005 2.459964 1.910185 1.45017 0.7976884 0.2753209 0.1813458 0.1926892 0.2306732 0.2574087 -9999.99 -9999.99 0.5249621 1.543538 1.253897 0.7675341 0.5083947 0.3884313 0.3700857 0.5373484 0.5327537 0.1968175 0.2911435 0.4326719 0.4949985 0.436311 0.2269177 0.3570231 0.5740675 0.64496 0.7161844 0.4032089 0.2604239 0.2488475 0.2285869
-9999.99 -9999.99 -9999.99 -9999.99 -9999.99 0.4746883 2.755975 3.334029 3.344828 3.344828 3.344828 3.308822 3.293344 3.266557 3.260826 3.260936 3.23385 3.128717 3.093244 3.070587 3.060792 3.026512 2.810859 2.416153 2.933017 2.852609 2.905725 2.530558 1.964206 1.274708 0.8741606 0.5997548 0.2572457 0.01252561 0.01376274 -9999.99 0.1221271 0.1008732 0.1972244 -9999.99 0.6052911 1.752293 1.205264 0.7398306 0.5384313 0.3548754 0.2749641 0.3909022 0.6804583 0.3885672 0.4589446 0.4854864 0.4629558 0.4428358 0.4171789 0.6424398 1.086831 1.181349 0.7165866 0.2372739 0.04207237 0.1311009 0.1343976
-9999.99 -9999.99 -9999.99 -9999.99 0.8687983 2.471823 3.317701 3.344828 3.344828 3.318089 3.272943 3.20745 3.173669 3.146068 3.127899 3.129227 3.105412 3.097163 3.068999 3.050623 3.042927 3.022572 2.992521 2.84042 3.038042 2.611778 2.069864 1.395779 0.7802003 0.2796908 -9999.99 -9999.99 -9999.99 -9999.99 -9999.99 -9999.99 -9999.99 -9999.99 0.1952246 -9999.99 0.3935881 1.533841 1.079255 0.7778527 0.5847585 0.4348786 0.4006302 0.4630052 0.5149767 0.5679446 0.5699934 0.5379756 0.415519 0.3100913 0.4681184 0.5937297 0.6018022 0.5408564 0.4205452 0.267274 0.2010599 0.3920262 0.4086065
-9999.99 -9999.99 -9999.99 -9999.99 1.807556 3.237285 3.344828 3.344828 3.344828 3.266403 3.180259 3.127964 3.104547 3.070152 3.054893 3.046806 3.05743 3.051131 3.033476 3.029265 2.986928 2.792156 2.862575 2.740859 2.279947 1.703582 1.035492 0.5409147 0.1296036 -9999.99 -9999.99 -9999.99 -9999.99 -9999.99 -9999.99 -9999.99 -9999.99 0.06996062 0.1807765 0.07290307 0.4283656 1.23041 1.056444 0.9090565 0.7257294 0.5520804 0.5888691 0.5694246 0.4227968 0.447624 0.6113242 0.6433262 0.559159 0.4918425 0.4392221 0.455266 0.3506278 0.3900729 0.3595917 0.3737005 0.4670485 0.4631747 0.4076244
-9999.99 -9999.99 -9999.99 0.6332275 2.784904 3.311477 3.344828 3.344828 3.274351 3.166385 3.103798 3.073909 3.040091 2.950531 3.013578 3.012882 2.965451 2.919305 2.832786 2.721778 2.508595 2.255196 2.258784 1.923426 1.595835 1.108089 0.4555421 -9999.99 -9999.99 -9999.99 -9999.99 -9999.99 -9999.99 -9999.99 0.01039687 0.05408171 0.08690794 0.3035797 0.5679386 0.05586746 0.395801 1.278863 1.071936 1.004362 0.8578182 0.7078782 0.7295789 0.6892766 0.5057937 0.5135229 0.6802907 0.7266107 0.7289901 0.7520506 0.5916911 0.5495212 0.5985259 0.6310291 0.670604 0.5641111 0.4592127 0.2691484 0.1476782
-9999.99 -9999.99 -9999.99 2.397497 3.199928 3.344828 3.344828 3.324266 3.185729 3.103719 3.047052 2.932648 2.909162 2.80012 2.888022 2.792052 2.728184 2.47882 2.272968 2.167063 1.94891 1.757589 1.603611 1.341208 1.103425 0.6591207 0.1050762 -9999.99 -9999.99 -9999.99 -9999.99 -9999.99 -9999.99 -9999.99 -9999.99 -9999.99 0.06108324 0.2916365 0.5071573 0.271591 0.8357869 1.213587 1.088723 0.9447601 0.7823254 0.7833329 0.7681645 0.6977261 0.6224344 0.6766546 0.6932607 0.7740307 0.8692565 0.8583326 0.8090144 0.6218479 0.6470996 0.6491871 0.6593143 0.5445152 0.4422626 0.2052419 -9999.99
-9999.99 -9999.99 -9999.99 2.789151 3.286951 3.344828 3.344828 3.263312 3.12165 3.048545 2.925222 2.761871 2.723736 2.676794 2.59919 2.340583 2.18468 2.002969 1.867697 1.751015 1.567326 1.376757 1.145144 0.8709449 0.5706692 0.1650651 -9999.99 -9999.99 -9999.99 -9999.99 -9999.99 -9999.99 -9999.99 -9999.99 -9999.99 -9999.99 0.01139518 -9999.99 -9999.99 0.2575687 1.050839 1.134553 1.016214 0.8122733 0.7358132 0.715966 0.6794462 0.7012038 0.6770037 0.6629767 0.6491337 0.7919407 0.7684184 0.8034582 0.6673138 0.4533823 0.5348173 0.6798241 0.6823551 0.6068855 0.3936633 0.3369252 0.2855139
-9999.99 -9999.99 0.5969401 2.940362 3.332395 3.344828 3.329149 3.22291 3.072039 2.88856 2.75955 2.584874 2.362275 2.203516 2.017509 1.927845 1.786048 1.656834 1.586433 1.443652 1.231348 0.9743878 0.62282 0.3843068 0.1443665 -9999.99 -9999.99 -9999.99 -9999.99 -9999.99 -9999.99 -9999.99 -9999.99 -9999.99 -9999.99 -9999.99 -9999.99 -9999.99 -9999.99 0.2493689 1.028734 0.9901385 0.835364 0.7142758 0.6120889 0.5835025 0.5162175 0.5713515 0.517338 0.6320299 0.6836376 0.7577183 0.6934361 0.7352712 0.6288924 0.4686933 0.5462805 0.5849909 0.5690308 0.604089 0.6102886 0.4545358 0.4281264
-9999.99 -9999.99 1.61921 3.149098 3.344828 3.344828 3.329149 3.18451 2.97313 2.643371 2.480204 2.095673 1.556107 1.552533 1.590855 1.585598 1.467335 1.416754 1.35762 1.168558 0.9219084 0.5909371 0.297914 0.05480147 -9999.99 -9999.99 -9999.99 -9999.99 -9999.99 -9999.99 -9999.99 -9999.99 -9999.99 -9999.99 -9999.99 -9999.99 -9999.99 -9999.99 -9999.99 0.2495986 0.9522046 0.7592274 0.6314542 0.549953 0.5055702 0.5240695 0.4679807 0.4004388 0.3382379 0.4906381 0.4921381 0.6476949 0.7502751 0.7317533 0.6794566 0.6415372 0.5592504 0.3851656 0.4284515 0.4719479 0.7623627 0.6287943 0.578095
-9999.99 -9999.99 2.02028 3.19352 3.344828 3.344828 3.29858 3.103064 2.939786 2.351189 1.919756 1.226369 0.821579 0.8980495 0.9983393 1.194477 1.149718 1.199765 1.124331 0.875351 0.6206129 0.3050815 -9999.99 -9999.99 -9999.99 -9999.99 -9999.99 -9999.99 -9999.99 -9999.99 -9999.99 -9999.99 -9999.99 -9999.99 -9999.99 -9999.99 -9999.99 -9999.99 -9999.99 0.3120123 0.8755913 0.6794266 0.5413862 0.5400179 0.5570253 0.541064 0.4510984 0.3226381 0.4168825 0.3008178 0.2247599 0.4386207 0.8670104 0.7818434 0.7091351 0.6882542 0.6545182 0.5503125 0.6234401 0.7210651 0.7732947 0.7593523 0.7942703
0.01181789 1.105819 2.114527 3.293144 3.344828 3.344828 3.266389 3.062045 2.605295 1.897123 1.158988 0.744989 0.5693369 0.5655375 0.5591647 0.7615814 0.9843054 1.012455 0.8145565 0.581917 0.2766797 -9999.99 -9999.99 -9999.99 -9999.99 -9999.99 -9999.99 -9999.99 -9999.99 -9999.99 -9999.99 -9999.99 -9999.99 -9999.99 -9999.99 -9999.99 -9999.99 -9999.99 -9999.99 0.3197851 0.6767957 0.6601881 0.6084995 0.5833147 0.5556945 0.5831677 0.4797493 0.4045581 0.4362877 0.3251839 0.3121232 0.5710098 0.9770246 0.859606 0.7320233 0.6910199 0.7034608 0.781763 0.8122104 0.8490229 0.8165724 0.7264456 0.740712
0.01118589 1.391614 2.452383 3.342267 3.344828 3.336772 3.254252 2.993299 2.260134 1.432163 0.7533216 0.5180553 0.3312294 0.4002644 0.3961273 0.5167997 0.8100088 0.8063779 0.5347292 0.2841809 0.05053821 -9999.99 -9999.99 -9999.99 -9999.99 -9999.99 -9999.99 -9999.99 -9999.99 -9999.99 -9999.99 -9999.99 -9999.99 -9999.99 -9999.99 -9999.99 -9999.99 -9999.99 -9999.99 0.270418 0.4810548 0.5952545 0.5564386 0.5144507 0.4666213 0.5133588 0.5015885 0.4207722 0.4319389 0.3562546 0.4508778 0.8137517 0.8198474 0.7610393 0.671587 0.6524287 0.6991253 0.7518367 0.8375214 0.8139277 0.8033812 0.71567 0.6556094
0.6291701 1.492206 3.005621 3.344828 3.344828 3.34089 3.262581 2.891172 1.929394 1.197194 0.6363508 0.4218228 0.2791589 0.2803393 0.3534535 0.2930296 0.5554131 0.5407823 0.2588775 0.2169021 0.05098395 -9999.99 -9999.99 -9999.99 -9999.99 -9999.99 -9999.99 -9999.99 -9999.99 -9999.99 -9999.99 -9999.99 -9999.99 -9999.99 -9999.99 -9999.99 -9999.99 -9999.99 -9999.99 0.2489815 0.1631175 0.4760013 0.5813566 0.3765112 0.3311599 0.3812878 0.4649256 0.4407196 0.4952951 0.431857 0.5932232 0.8163312 0.6989812 0.6292225 0.5839458 0.5835346 0.6077719 0.6930045 0.7957497 0.7225155 0.6798613 0.6487277 0.5642781
1.201607 2.068339 3.165223 3.344828 3.344828 3.344828 3.255196 2.761955 1.617374 0.9827446 0.4958961 0.2618916 0.2332109 0.2118464 0.1211054 -9999.99 0.120552 0.2655115 0.1741617 0.1139806 0.0959691 -9999.99 -9999.99 -9999.99 -9999.99 -9999.99 -9999.99 -9999.99 -9999.99 -9999.99 -9999.99 -9999.99 -9999.99 -9999.99 -9999.99 -9999.99 -9999.99 -9999.99 -9999.99 0.2478855 0.1537932 0.05713531 0.4027223 0.3129311 0.3066826 0.3599446 0.3847483 0.4056626 0.5124428 0.4713391 0.5501064 0.722935 0.7791428 0.6194419 0.5024056 0.4525614 0.4482893 0.5888633 0.6747538 0.6419488 0.617447 0.6262896 0.582669
1.04356 2.15469 3.21369 3.344828 3.344828 3.344828 3.276398 2.709743 1.366322 0.7433193 0.2838702 0.1034987 0.06674239 0.07096794 0.04769721 -9999.99 0.1417761 0.2375545 0.2660398 0.2128375 0.2024366 0.2249889 0.3059253 0.319802 0.08193762 -9999.99 -9999.99 -9999.99 -9999.99 -9999.99 -9999.99 -9999.99 -9999.99 -9999.99 -9999.99 -9999.99 -9999.99 -9999.99 -9999.99 0.2519099 0.06711942 -9999.99 -9999.99 0.1989289 0.300075 0.3647494 0.3611965 0.3771118 0.4189979 0.4383049 0.5367992 0.8543054 0.7444419 0.6205877 0.4953858 0.3916084 0.4340081 0.5018629 0.6191057 0.7118544 0.7035523 0.7280105 0.7402318
1.325038 2.346104 3.234531 3.344828 3.344828 3.344828 3.285486 2.634778 1.165481 0.5529526 0.1675229 0.07408994 0.1108713 0.07027783 0.1914666 0.2678217 0.4428621 0.5835515 0.6312602 0.645179 0.6306388 0.5480004 0.6226436 0.658895 0.4102204 0.08482359 -9999.99 -9999.99 -9999.99 -9999.99 -9999.99 -9999.99 -9999.99 -9999.99 -9999.99 -9999.99 -9999.99 -9999.99 0.06853276 0.2297438 -9999.99 0.09706088 0.1938301 0.1635867 0.2921976 0.3376078 0.322935 0.3100138 0.3446113 0.438831 0.577235 0.5785771 0.5373713 0.5694176 0.5135273 0.39892 0.5021026 0.509764 0.5955881 0.7552466 0.7487525 0.7816531 0.8724301
1.540661 2.693374 3.233874 3.344828 3.344828 3.344828 3.287021 2.647681 1.095182 0.4951931 0.1656762 0.1743864 0.2536135 0.2338814 0.4133092 0.533104 0.9689415 1.030995 0.870003 0.8660249 0.8947827 0.9233586 0.9792634 1.005955 0.8630046 0.4336922 0.1172278 -9999.99 -9999.99 -9999.99 -9999.99 -9999.99 -9999.99 -9999.99 -9999.99 -9999.99 -9999.99 -9999.99 0.1338698 0.2019473 -9999.99 0.1066042 0.3659147 0.3370118 0.2296763 0.2454487 0.2261245 0.2402223 0.3049787 0.3626706 0.3425718 0.2964759 0.3403994 0.4630257 0.4384757 0.3691844 0.4977754 0.5809251 0.6265152 0.7809326 0.9414896 1.075116 1.07995
1.861726 2.983753 3.224406 3.344828 3.344828 3.344828 3.283553 2.610799 1.128755 0.5635535 0.3713751 0.4454775 0.5302708 0.612144 0.7588971 0.6477556 0.872314 1.253029 0.709899 0.6705598 0.8535492 0.9710423 1.229528 1.325415 1.13912 0.8578618 0.3893173 0.06130237 -9999.99 -9999.99 -9999.99 -9999.99 -9999.99 -9999.99 -9999.99 -9999.99 -9999.99 -9999.99 0.1818548 0.1628529 0.03797421 0.1053453 0.331735 0.2885004 0.1086 0.1407935 0.1415493 0.1525033 0.2063243 0.3028881 0.2196043 0.2614363 0.4160042 0.4560154 0.422898 0.3931033 0.4385993 0.5638047 0.7073848 1.312213 1.981147 2.231618 2.204128
