results/design/2d/grids/WWD_10m_100yr_2Hr_012_Haz.asc
ncols 214
nrows 366
xllcorner 208787.472
yllcorner 7383120
cellsize 10
nodata_value -9999.99
[rows 252 to 279 of 366, columns 63 to 125 of 214]
1.07355 1.723688 2.794236 3.292225 3.344828 3.298438 2.7792 0.8948602 -9999.99 -9999.99 0.02179692 0.2987079 0.3223718 0.3688429 0.4562536 0.2048529 0.2767739 0.1795296 0.1432129 0.1135291 0.1934432 0.3063486 0.5274258 1.022842 0.8188683 0.3754152 0.1785044 -9999.99 -9999.99 -9999.99 -9999.99 -9999.99 -9999.99 -9999.99 -9999.99 -9999.99 -9999.99 -9999.99 -9999.99 -9999.99 -9999.99 -9999.99 -9999.99 -9999.99 -9999.99 -9999.99 -9999.99 -9999.99 -9999.99 -9999.99 -9999.99 -9999.99 -9999.99 -9999.99 -9999.99 -9999.99 -9999.99 -9999.99 1.629802 1.673032 2.155751 2.915637 3.26582
1.061927 2.468369 3.043288 3.269704 3.344828 3.34232 2.696377 0.6773529 -9999.99 -9999.99 0.1615134 0.4708905 0.4990845 0.3814968 0.3146016 0.157459 0.148036 0.06591412 -9999.99 -9999.99 -9999.99 0.08523428 0.4192848 0.9975082 1.233761 0.7720951 0.2681696 -9999.99 -9999.99 -9999.99 -9999.99 -9999.99 -9999.99 -9999.99 -9999.99 -9999.99 -9999.99 -9999.99 -9999.99 -9999.99 -9999.99 -9999.99 -9999.99 -9999.99 -9999.99 -9999.99 -9999.99 -9999.99 -9999.99 -9999.99 -9999.99 1.4412 1.412985 1.453797 1.487679 2.409008 1.643051 2.832306 3.302216 3.344828 3.344828 3.344828 3.344828
-9999.99 2.256245 2.631775 3.275178 3.344828 3.2906 2.50885 0.09074265 -9999.99 -9999.99 0.3081634 0.6484004 0.4926458 0.5026897 0.252258 0.1872967 0.10184 -9999.99 -9999.99 -9999.99 -9999.99 0.08373386 0.4855704 1.114318 1.289046 1.050353 0.3912276 0.2508826 0.1099005 0.07310587 0.02125073 -9999.99 -9999.99 -9999.99 -9999.99 -9999.99 -9999.99 -9999.99 -9999.99 -9999.99 -9999.99 -9999.99 -9999.99 -9999.99 -9999.99 -9999.99 -9999.99 0.783609 1.56345 1.602128 2.374146 3.046157 2.977803 3.051988 3.009317 3.259667 3.314215 3.344828 3.344828 3.344828 3.339071 3.333185 3.259291
0.1373753 0.9455215 2.220215 3.261547 3.344828 3.344828 2.655241 0.2660103 -9999.99 -9999.99 0.2795274 0.8647891 0.4118961 0.3039861 -9999.99 -9999.99 -9999.99 -9999.99 -9999.99 -9999.99 -9999.99 -9999.99 0.4222013 0.82872 1.172386 1.207973 0.7160551 0.4477644 0.33751 0.1851394 0.1203851 0.02162884 -9999.99 -9999.99 -9999.99 -9999.99 -9999.99 -9999.99 0.120055 -9999.99 -9999.99 -9999.99 -9999.99 0.8214059 1.625424 1.688049 1.70276 2.456023 3.234416 3.241421 3.307635 3.344828 3.344828 3.344828 3.344828 3.344828 3.344828 3.344828 3.300933 3.25173 3.190223 2.323942 2.656998
-9999.99 0.9358758 2.203904 3.272167 3.344828 3.263364 2.073503 0.5316556 0.09726488 0.07686882 0.5305344 0.9918451 0.3292958 0.1733069 -9999.99 -9999.99 -9999.99 -9999.99 -9999.99 -9999.99 -9999.99 -9999.99 0.1446544 0.4180999 1.115229 1.486987 1.100271 0.8202795 0.7709172 0.6679862 0.2763131 0.1323574 0.06923709 -9999.99 -9999.99 0.000950629 -9999.99 0.5075218 0.3575904 0.1863207 0.2209982 0.3142067 0.6807052 1.227685 3.199641 3.344828 3.344828 3.344828 3.344828 3.344828 3.337636 3.344828 3.279487 3.344828 3.255916 3.29281 3.276242 3.240556 3.028475 2.208759 1.36243 0.7397867 0.5978585
-9999.99 0.5705398 2.074813 3.283445 3.344828 3.060503 1.663187 0.4048933 0.1315224 0.1778718 0.3746534 0.5000818 0.49202 0.2419523 0.07283307 0.1090299 0.1585145 0.2275865 -9999.99 -9999.99 0.4987607 0.5524614 0.5057536 0.352874 0.9764088 1.470478 1.223833 1.153791 1.170938 1.138187 0.6351858 0.3810185 0.3742148 0.2375345 0.2234611 0.1489183 0.2213414 0.6177564 0.3811075 0.5019858 0.6885805 1.368184 2.104254 2.898849 3.295051 3.344828 3.344828 3.344828 3.316885 3.185457 1.926117 1.86871 2.525066 3.226492 3.096021 3.095629 2.791975 2.489431 2.127871 1.059613 0.1823933 -9999.99 -9999.99
-9999.99 0.2970554 1.63135 3.268151 3.344828 3.264199 1.949054 0.2894416 0.1572929 0.2263205 0.3733755 0.5616337 0.4842952 0.2107506 0.1681627 0.06816042 0.04185977 0.06839029 0.03138692 0.1723846 0.4991927 0.8632935 0.5949392 0.521106 0.9547673 1.233141 1.17938 1.199151 1.223789 1.213521 1.110511 0.8481048 0.7344129 0.5196717 0.4415418 0.5399447 0.5038549 0.9512347 0.408591 1.133369 1.914319 2.853182 3.335326 3.344828 3.344828 3.321328 3.297296 3.225465 3.083632 2.72717 1.170062 1.43457 2.429491 3.081313 3.026808 2.605999 1.781286 1.302401 0.9535285 0.6069684 -9999.99 -9999.99 -9999.99
-9999.99 0.2651865 1.582671 3.222894 3.344828 3.290176 2.426071 0.3097888 0.06630356 0.2731264 0.4420391 0.5469008 0.3658968 -9999.99 0.1319232 0.159625 0.05489044 0.04438999 0.05739313 0.1041585 0.2927604 0.3693842 0.2321806 0.3408718 0.7907673 1.035236 1.042422 1.180303 1.202401 1.201267 1.190859 1.104537 0.9466166 0.7163749 0.6429959 0.6044201 0.9417821 1.425197 1.31584 1.957143 3.238489 3.344828 3.344828 3.344828 3.292626 3.247948 3.157851 3.084199 3.018178 3.191208 2.438674 2.819072 3.030888 2.887212 2.84102 1.225937 0.5295217 0.3284826 -9999.99 -9999.99 -9999.99 -9999.99 -9999.99
-9999.99 0.5643581 1.85115 3.206242 3.344828 3.320513 2.585248 0.580253 0.2976905 0.315918 0.5616314 0.5347476 0.3516405 0.170242 0.210773 0.1860811 0.1240435 0.06204553 0.1033984 0.1395605 0.1998369 0.1845139 0.1667338 0.1855812 0.4340889 0.3603646 0.5055213 0.9024472 1.22633 1.237092 1.226126 1.123798 0.9497984 0.7820259 1.357866 1.872105 1.300431 2.356373 2.776976 3.344828 3.344828 3.344828 3.337125 3.321007 3.243184 3.184829 3.096136 3.056845 3.02707 2.949058 2.488521 2.681772 2.467016 1.707007 -9999.99 -9999.99 -9999.99 -9999.99 -9999.99 -9999.99 -9999.99 -9999.99 -9999.99
-9999.99 0.6781796 1.9077 3.187146 3.344828 3.344828 2.817047 1.027627 0.5058668 0.458149 0.5217513 0.4499063 0.3145426 0.1681015 0.2494789 0.1142152 0.1987328 0.0898006 0.1620985 0.2160231 0.1193726 0.05398495 0.1503282 0.2943828 0.2109393 -9999.99 0.1007842 0.3173498 1.126185 1.334798 1.34835 1.256555 1.237544 1.35219 1.822976 2.795962 2.117934 3.213921 3.344828 3.321362 3.304501 3.3118 3.276357 3.217351 3.150995 2.886309 2.306346 2.249989 2.230356 1.695818 1.250852 1.09629 -9999.99 -9999.99 -9999.99 -9999.99 -9999.99 -9999.99 -9999.99 -9999.99 -9999.99 -9999.99 -9999.99
0.3907201 1.063969 1.905543 3.151695 3.320366 3.344828 3.049989 1.420568 0.5818144 0.4579542 0.4448471 0.3026154 0.2901396 0.07560168 0.1450362 0.189798 0.1698354 0.1218441 0.1337083 0.2455655 0.1773181 0.1397014 0.09267923 0.1537545 0.04202599 -9999.99 0.11042 0.327516 1.093294 1.470715 1.590879 1.5434 1.578164 1.901344 2.762306 3.344828 3.124087 3.344828 3.312348 3.286375 3.253454 3.226991 3.120142 2.921314 1.897072 1.231575 0.7090614 -9999.99 -9999.99 -9999.99 -9999.99 -9999.99 -9999.99 -9999.99 -9999.99 -9999.99 -9999.99 -9999.99 -9999.99 -9999.99 -9999.99 -9999.99 -9999.99
0.6639484 1.404578 1.954392 3.067759 3.300236 3.344828 3.274942 2.120682 0.8299693 0.3789701 0.4096089 0.2725365 0.3326186 0.1953516 0.1142554 0.1563622 -9999.99 0.08080632 -9999.99 0.1079589 0.1301947 0.2078937 0.07487152 0.08756802 0.0721621 0.08313029 0.4131624 0.816256 1.293774 1.632701 1.738695 1.760763 1.703914 2.039257 3.159681 3.344828 3.344828 3.334212 3.326676 3.271618 3.212068 3.085551 2.333346 0.9561923 0.3430696 -9999.99 -9999.99 -9999.99 -9999.99 -9999.99 -9999.99 -9999.99 -9999.99 -9999.99 -9999.99 -9999.99 -9999.99 -9999.99 -9999.99 -9999.99 -9999.99 -9999.99 -9999.99
0.3186619 0.9509318 1.690261 2.497569 3.323373 3.344828 3.286978 2.834149 1.282841 0.5823126 0.4229678 0.4187206 0.372624 0.2373818 0.1222043 0.1911424 -9999.99 0.1065838 0.05055931 0.1518468 0.1277714 0.2178229 0.178734 0.2175163 0.1764423 0.2183129 0.7107469 1.3556 1.565121 1.72747 1.902256 2.207615 2.402369 2.503808 3.269347 3.344828 3.344828 3.334212 3.238186 3.16179 2.720782 2.014076 0.45748 -9999.99 -9999.99 -9999.99 -9999.99 -9999.99 -9999.99 -9999.99 -9999.99 -9999.99 -9999.99 -9999.99 -9999.99 -9999.99 -9999.99 -9999.99 -9999.99 -9999.99 -9999.99 -9999.99 -9999.99
-9999.99 0.3094872 0.5454359 1.318887 3.33132 3.344828 3.305073 3.10746 2.253393 1.168484 0.8235602 0.6994202 0.4631038 0.2241273 0.05240509 0.09162172 0.1526767 0.09798779 0.06371024 0.10979 0.2344963 0.244715 0.3189175 0.3088907 0.260548 0.4256015 1.098338 1.76416 1.638034 1.712033 2.088231 2.679727 3.167024 3.283293 3.344828 3.344828 3.195473 3.148621 2.216486 2.010981 0.9883351 -9999.99 -9999.99 -9999.99 -9999.99 -9999.99 -9999.99 -9999.99 -9999.99 -9999.99 -9999.99 -9999.99 -9999.99 -9999.99 -9999.99 -9999.99 -9999.99 -9999.99 -9999.99 -9999.99 -9999.99 -9999.99 -9999.99
-9999.99 -9999.99 -9999.99 -9999.99 2.994081 3.344828 3.328612 3.1933 3.011443 2.085295 1.468988 1.310172 0.9821626 0.5817989 0.1591058 0.1265623 0.2151784 0.1284749 0.09695291 0.2005286 0.2891469 0.2859329 0.259885 0.3293242 0.3201517 0.5274808 1.246198 1.815398 1.585167 1.929832 2.488102 3.246011 3.332385 3.344828 3.344828 3.102207 2.704736 1.999123 0.9852587 0.3549835 -9999.99 -9999.99 -9999.99 -9999.99 -9999.99 -9999.99 -9999.99 -9999.99 -9999.99 -9999.99 -9999.99 -9999.99 -9999.99 -9999.99 -9999.99 -9999.99 -9999.99 -9999.99 -9999.99 -9999.99 -9999.99 -9999.99 -9999.99
-9999.99 -9999.99 -9999.99 -9999.99 1.848127 3.344828 3.344828 3.281249 3.139374 2.96355 2.286907 1.941049 1.691969 1.344394 0.7238357 0.2233288 0.1942268 0.2298029 0.08798837 0.1881043 0.3641267 0.3131849 0.2151133 0.2257857 0.2807926 0.48885 1.11498 1.816166 1.711966 2.086323 3.265476 3.344828 3.309982 3.274348 2.774508 2.982156 1.913367 1.246633 0.3778405 -9999.99 -9999.99 -9999.99 -9999.99 -9999.99 -9999.99 -9999.99 -9999.99 -9999.99 -9999.99 -9999.99 -9999.99 -9999.99 -9999.99 -9999.99 -9999.99 -9999.99 -9999.99 -9999.99 -9999.99 -9999.99 -9999.99 -9999.99 -9999.99
-9999.99 -9999.99 -9999.99 -9999.99 -9999.99 3.222219 3.344828 3.335885 3.247122 3.146125 3.074345 2.734973 2.570469 2.253184 1.679094 0.8960416 0.1808247 -9999.99 0.05842407 0.1634386 0.3957558 0.326452 0.3240864 0.2579364 0.3394848 0.6400961 1.481221 1.71416 1.844267 2.985106 3.344828 3.344828 3.16984 2.358909 1.652707 2.021081 1.582694 0.9771801 0.2755075 -9999.99 -9999.99 -9999.99 -9999.99 -9999.99 -9999.99 -9999.99 -9999.99 -9999.99 -9999.99 -9999.99 -9999.99 -9999.99 -9999.99 -9999.99 -9999.99 -9999.99 -9999.99 -9999.99 -9999.99 -9999.99 -9999.99 -9999.99 -9999.99
-9999.99 -9999.99 -9999.99 -9999.99 -9999.99 2.233153 3.320691 3.335885 3.32498 3.289832 3.24227 3.159845 3.101584 3.057729 2.712027 2.167764 1.20926 0.5772403 0.2046223 0.1314435 0.3896827 0.2915839 0.3027431 0.3287522 0.4698311 0.9332174 1.631817 1.455977 1.73145 3.30196 3.344828 3.235123 2.994158 2.129223 2.336899 2.437187 1.730731 0.9346164 0.2234751 -9999.99 -9999.99 -9999.99 -9999.99 -9999.99 -9999.99 -9999.99 -9999.99 -9999.99 -9999.99 -9999.99 -9999.99 -9999.99 -9999.99 -9999.99 -9999.99 -9999.99 -9999.99 -9999.99 -9999.99 -9999.99 -9999.99 -9999.99 -9999.99
-9999.99 -9999.99 -9999.99 -9999.99 -9999.99 -9999.99 2.452149 3.344828 3.344828 3.343029 3.344828 3.313403 3.245276 3.187425 3.141015 3.148084 2.638125 1.61541 0.5379027 -9999.99 0.3105221 0.2996726 0.3002728 0.3611773 0.659002 1.187912 1.499466 1.805703 2.740332 3.344828 3.324845 3.120996 2.899551 2.243727 2.180099 2.837258 1.936224 0.6463853 -9999.99 -9999.99 -9999.99 -9999.99 -9999.99 -9999.99 -9999.99 -9999.99 -9999.99 -9999.99 -9999.99 -9999.99 -9999.99 -9999.99 -9999.99 -9999.99 -9999.99 -9999.99 -9999.99 -9999.99 -9999.99 -9999.99 -9999.99 -9999.99 -9999.99
-9999.99 -9999.99 -9999.99 -9999.99 -9999.99 -9999.99 0.8274734 1.734567 2.521096 3.302823 3.344828 3.344828 3.344828 3.312099 3.296668 3.310694 3.293426 3.031035 1.709598 0.503948 0.3166435 0.353631 0.4890203 0.5343264 0.8775343 1.244249 1.382768 1.93083 3.309224 3.344828 3.277221 3.035531 2.399172 1.536177 2.48228 2.947022 1.645702 -9999.99 -9999.99 -9999.99 -9999.99 -9999.99 -9999.99 -9999.99 -9999.99 -9999.99 -9999.99 -9999.99 -9999.99 -9999.99 -9999.99 -9999.99 -9999.99 -9999.99 -9999.99 -9999.99 -9999.99 -9999.99 -9999.99 -9999.99 -9999.99 -9999.99 -9999.99
-9999.99 -9999.99 -9999.99 -9999.99 -9999.99 -9999.99 -9999.99 -9999.99 0.8486821 1.589336 2.479725 3.305325 3.315467 3.343364 3.344828 3.344828 3.344828 3.344828 2.777997 0.8990105 0.4481171 0.3588369 0.5264455 0.6596133 1.021272 1.256615 1.310457 1.901126 3.293242 3.341495 3.276273 2.939594 2.16592 1.677076 1.922388 1.942148 1.199825 -9999.99 -9999.99 -9999.99 -9999.99 -9999.99 -9999.99 -9999.99 -9999.99 -9999.99 -9999.99 -9999.99 -9999.99 -9999.99 -9999.99 -9999.99 -9999.99 -9999.99 -9999.99 -9999.99 -9999.99 -9999.99 -9999.99 -9999.99 -9999.99 -9999.99 -9999.99
-9999.99 -9999.99 -9999.99 -9999.99 -9999.99 -9999.99 -9999.99 -9999.99 -9999.99 -9999.99 0.8073114 1.761395 2.129518 2.715168 3.096807 3.235086 3.307717 3.343891 3.344828 2.148508 0.377106 0.3130682 0.4982226 0.7054221 1.001893 1.125613 1.165074 1.702895 3.242799 3.341495 3.29477 3.109267 2.533801 1.385203 1.23861 0.7536579 0.7860727 -9999.99 -9999.99 -9999.99 -9999.99 -9999.99 -9999.99 -9999.99 -9999.99 -9999.99 -9999.99 -9999.99 -9999.99 -9999.99 -9999.99 -9999.99 -9999.99 -9999.99 -9999.99 -9999.99 -9999.99 -9999.99 -9999.99 -9999.99 -9999.99 -9999.99 -9999.99
-9999.99 -9999.99 -9999.99 -9999.99 -9999.99 -9999.99 -9999.99 -9999.99 -9999.99 -9999.99 -9999.99 0.129733 0.4768043 1.395214 2.343618 2.854967 3.190173 3.319059 3.344828 2.519443 -9999.99 0.3295521 0.5337725 0.7112812 0.980734 1.064295 1.012268 1.521267 2.865171 3.344828 3.301511 3.176773 2.741815 1.457901 0.52808 0.2796149 0.4096665 -9999.99 -9999.99 -9999.99 -9999.99 -9999.99 -9999.99 -9999.99 -9999.99 -9999.99 -9999.99 -9999.99 -9999.99 -9999.99 -9999.99 -9999.99 -9999.99 -9999.99 -9999.99 -9999.99 -9999.99 -9999.99 -9999.99 -9999.99 -9999.99 -9999.99 -9999.99
-9999.99 -9999.99 -9999.99 -9999.99 -9999.99 -9999.99 -9999.99 -9999.99 -9999.99 -9999.99 -9999.99 0.09216941 0.3395134 0.7220975 1.375319 2.114301 3.00652 3.254657 3.344828 2.527951 -9999.99 0.7233422 0.77055 0.6581299 1.023401 1.231901 0.9831427 1.00287 1.662357 3.336683 3.344828 3.264387 2.947339 1.751364 0.6600689 0.1219377 -9999.99 -9999.99 -9999.99 -9999.99 -9999.99 -9999.99 -9999.99 -9999.99 -9999.99 -9999.99 -9999.99 -9999.99 -9999.99 -9999.99 -9999.99 -9999.99 -9999.99 -9999.99 -9999.99 -9999.99 -9999.99 -9999.99 -9999.99 -9999.99 -9999.99 -9999.99 -9999.99
-9999.99 -9999.99 -9999.99 -9999.99 -9999.99 -9999.99 -9999.99 -9999.99 -9999.99 -9999.99 -9999.99 0.1222476 0.1990951 0.3826535 0.8745372 1.540008 2.689447 3.267422 3.344828 3.265277 1.79877 0.723544 0.9079308 0.673844 0.9799321 1.198055 1.084609 0.7485855 1.160551 3.244111 3.329914 3.344828 3.059255 2.434983 0.6098828 0.006320237 -9999.99 -9999.99 -9999.99 -9999.99 -9999.99 -9999.99 -9999.99 -9999.99 -9999.99 -9999.99 -9999.99 -9999.99 -9999.99 -9999.99 -9999.99 -9999.99 -9999.99 -9999.99 -9999.99 -9999.99 -9999.99 -9999.99 -9999.99 -9999.99 -9999.99 -9999.99 -9999.99
-9999.99 -9999.99 -9999.99 -9999.99 -9999.99 -9999.99 -9999.99 -9999.99 -9999.99 -9999.99 -9999.99 0.08530646 0.1479972 0.3684808 0.6419101 1.200691 2.709217 3.282246 3.344828 3.265277 1.041293 0.3590915 0.3035699 0.6431752 0.9371346 1.155163 1.050119 0.6965296 1.142623 2.535136 3.275387 3.344828 3.344828 2.733822 -9999.99 -9999.99 -9999.99 -9999.99 -9999.99 -9999.99 -9999.99 -9999.99 -9999.99 -9999.99 -9999.99 -9999.99 -9999.99 -9999.99 -9999.99 -9999.99 -9999.99 -9999.99 -9999.99 -9999.99 -9999.99 -9999.99 -9999.99 -9999.99 -9999.99 -9999.99 -9999.99 -9999.99 -9999.99
-9999.99 -9999.99 -9999.99 -9999.99 -9999.99 -9999.99 -9999.99 -9999.99 -9999.99 -9999.99 -9999.99 0.0422106 0.2077865 0.303919 0.4786596 1.035762 2.958971 3.324411 3.344828 2.591389 -9999.99 0.2029388 0.5040118 0.6898829 0.9806547 1.063351 0.9383683 0.5588645 0.5574215 1.490935 2.887762 3.292605 3.344828 2.824145 -9999.99 -9999.99 -9999.99 -9999.99 -9999.99 -9999.99 -9999.99 -9999.99 -9999.99 -9999.99 -9999.99 -9999.99 -9999.99 -9999.99 -9999.99 -9999.99 -9999.99 -9999.99 -9999.99 -9999.99 -9999.99 -9999.99 -9999.99 -9999.99 -9999.99 -9999.99 -9999.99 -9999.99 -9999.99
-9999.99 -9999.99 -9999.99 -9999.99 -9999.99 -9999.99 -9999.99 -9999.99 -9999.99 -9999.99 -9999.99 0.05329412 0.2218851 0.1721949 0.4014883 1.567273 3.117954 3.344828 3.344828 2.518842 -9999.99 0.3729849 0.6596304 0.8496042 0.9489143 0.9862408 0.8047678 0.461346 0.4912556 1.34986 2.421125 3.24191 3.344828 2.44726 -9999.99 -9999.99 -9999.99 -9999.99 -9999.99 -9999.99 -9999.99 -9999.99 -9999.99 -9999.99 -9999.99 -9999.99 -9999.99 -9999.99 -9999.99 -9999.99 -9999.99 -9999.99 -9999.99 -9999.99 -9999.99 -9999.99 -9999.99 -9999.99 -9999.99 -9999.99 -9999.99 -9999.99 -9999.99
