[METADATA]
Projection=-1
xmin=208630
ymin=7383120
xmax=210930
ymax=7386780
StartDate=0
[MAXMIN]
min_Terrain=140.780
max_Terrain=211.082
min_Level=142.590
max_Level=161.198
min_X-Vel.=-4.566
max_X-Vel.=4.247
min_Y-Vel.=-5.508
max_Y-Vel.=5.470
min_V*D=0.000
max_V*D=15.616
min_Hazard=0.000
max_Hazard=3.345
min_Depth=-6.318
max_Depth=4.945
min_Velocity=0.000
max_Velocity=5.906
min_Energy=142.590
max_Energy=161.199
min_Froude=0.000
max_Froude=19.525
min_Shear=0.000
max_Shear=430.341
min_Unit_Stream_Power=1.00000001504746622E030
max_Unit_Stream_Power=-1.00000001504746622E030
[HAZARD DEFINITION]
HazardFile=QRA hazard_rev3.csv
Category1=low,0.00,0.00,0.00,1.40,0.30,1.40,0.30,1.30,0.40,1.30,0.40,0.00,0.00,0.00
Category2=significant,0.00,1.40,0.00,1.90,0.30,1.90,0.30,1.80,0.40,1.80,0.40,1.40,0.50,1.40,0.50,1.20,0.60,1.20,0.60,1.00,0.70,1.00,0.70,0.90,0.80,0.90,0.80,0.80,0.90,0.80,0.90,0.70,1.00,0.70,1.00,0.60,1.20,0.60,1.20,0.50,1.40,0.50,1.40,0.40,1.80,0.40,1.80,0.30,1.90,0.30,1.90,0.00,0.40,0.00,0.40,1.30,0.30,1.30,0.30,1.40,0.00,1.40
Category3=high,0.30,1.90,0.30,1.80,0.40,1.80,0.40,1.40,0.50,1.40,0.50,1.20,0.60,1.20,0.60,1.00,0.70,1.00,0.70,0.90,0.80,0.90,0.80,0.80,0.90,0.80,0.90,0.70,1.00,0.70,1.00,0.60,1.20,0.60,1.20,0.50,1.40,0.50,1.40,0.40,1.80,0.40,1.80,0.30,1.90,0.30,1.90,0.60,1.60,0.60,1.60,0.70,1.40,0.70,1.40,0.80,1.20,0.80,1.20,0.90,1.10,0.90,1.10,1.00,1.00,1.00,1.00,1.10,0.90,1.10,0.90,1.20,0.80,1.20,0.80,1.40,0.70,1.40,0.70,1.60,0.60,1.60,0.60,1.90,0.30,1.90
Category4=extreme,0.00,1.90,0.00,10.00,100.00,10.00,100.00,0.00,1.90,0.00,1.90,0.60,1.60,0.60,1.60,0.70,1.40,0.70,1.40,0.80,1.20,0.80,1.20,0.90,1.10,0.90,1.10,1.00,1.00,1.00,1.00,1.10,0.90,1.10,0.90,1.20,0.80,1.20,0.80,1.40,0.70,1.40,0.70,1.60,0.60,1.60,0.60,1.90,0.00,1.90
